   7.00000000     -0.242569894    
   7.00000000      -6.57783225E-02
   7.00000000     -0.217542201    
   7.00000000     -0.254062444    
   7.00000000      -2.23418847E-02
   7.00000000     -0.213000223    
   7.00000000     -0.295812160    
   7.00000000      0.107615501    
   7.00000000      0.189794242    
   7.00000000       1.66652538E-02
   7.00000000      0.197911620    
   7.00000000      0.165098831    
   7.00000000      -6.50761798E-02
   7.00000000       7.37655982E-02
   6.00000000      0.124132752    
   6.00000000      -4.73739430E-02
   6.00000000      -2.36498117E-02
   6.00000000       8.60595480E-02
   6.00000000      -3.22313532E-02
   6.00000000      -3.03970426E-02
   6.00000000       6.28935471E-02
   6.00000000      0.181980342    
   6.00000000      0.247323602    
   6.00000000       6.12000152E-02
   6.00000000      0.155159920    
   5.00000000     -0.114038058    
   5.00000000      -7.88808540E-02
   5.00000000     -0.105740935    
   5.00000000     -0.200751096    
   5.00000000     -0.210407913    
   5.00000000      0.229809076    
   5.00000000      0.169536293    
   5.00000000      0.112563260    
   5.00000000       5.27271181E-02
   5.00000000       4.15414050E-02
   5.00000000     -0.335647076    
   5.00000000     -0.184190243    
   5.00000000     -0.145723924    
   5.00000000     -0.225828469    
   5.00000000     -0.234621644    
   5.00000000     -0.372780561    
   5.00000000      -7.15820789E-02
   5.00000000     -0.115318112    
   5.00000000      -5.03735989E-03
   5.00000000     -0.411912620    
   5.00000000     -0.342266977    
   5.00000000     -0.501653910    
   5.00000000     -0.418350339    
   5.00000000     -0.392263353    
   5.00000000      0.417221040    
   5.00000000      0.135673985    
   5.00000000       7.03136399E-02
   5.00000000      0.289442718    
   5.00000000      0.186988354    
   5.00000000     -0.248519644    
   5.00000000     -0.155471116    
   5.00000000     -0.295395672    
   5.00000000     -0.144054472    
   5.00000000     -0.274094492    
   5.00000000      0.319557905    
   5.00000000      0.220762253    
   5.00000000      0.169680178    
   5.00000000      0.161453575    
   5.00000000       2.95534283E-02
   5.00000000      -2.35864744E-02
   5.00000000      0.127354413    
   5.00000000       6.35395050E-02
   5.00000000       7.84419477E-02
   5.00000000      0.220717937    
   5.00000000       4.62183133E-02
   5.00000000      -4.96531501E-02
   5.00000000     -0.198095307    
   5.00000000      -8.13191757E-02
   5.00000000     -0.123699464    
   5.00000000      -9.96090993E-02
   5.00000000       4.12402526E-02
   5.00000000       8.82370919E-02
   5.00000000       8.29200223E-02
   5.00000000      -3.58070359E-02
   5.00000000      -3.30705196E-02
   5.00000000      0.231882572    
   5.00000000       8.03772360E-02
   5.00000000      -7.10764378E-02
   5.00000000      0.107325047    
   5.00000000     -0.485107452    
   5.00000000     -0.574994326    
   5.00000000     -0.530108333    
   5.00000000     -0.542798877    
   5.00000000     -0.527926624    
   5.00000000     -0.456669331    
   5.00000000     -0.454885364    
   5.00000000       5.01414314E-02
   5.00000000     -0.158992082    
   5.00000000     -0.213009387    
   5.00000000     -0.458653212    
   5.00000000     -0.386255294    
   5.00000000     -0.315753996    
   5.00000000     -0.572439253    
   5.00000000     -0.499024153    
   5.00000000      -6.04295805E-02
   5.00000000      0.123577014    
   5.00000000      -3.40168178E-02
   5.00000000       6.51733726E-02
   5.00000000      0.135054857    
   5.00000000      -8.34440291E-02
   5.00000000      -3.48200351E-02
   5.00000000     -0.116151042    
   5.00000000     -0.181936935    
   5.00000000     -0.164411381    
   4.00000000      0.106080338    
   4.00000000      0.167439848    
   4.00000000       5.02442792E-02
   4.00000000      -6.58452064E-02
   4.00000000     -0.101389669    
   4.00000000     -0.142047852    
   4.00000000     -0.152773112    
   4.00000000     -0.170071095    
   4.00000000     -0.193978459    
   4.00000000       3.19527611E-02
   4.00000000       5.96791804E-02
   4.00000000     -0.227825239    
   4.00000000      -1.53552443E-02
   4.00000000      -3.06913219E-02
   4.00000000     -0.148113564    
   4.00000000       1.36069432E-02
   4.00000000       6.55695051E-02
   4.00000000       4.80221845E-02
   4.00000000      0.158761889    
   4.00000000      0.190468878    
   4.00000000      -4.23317850E-02
   4.00000000      0.199295551    
   4.00000000       4.85114120E-02
   4.00000000      0.323563010    
   4.00000000       1.89214293E-02
   4.00000000       5.84139079E-02
   4.00000000       9.30685252E-02
   4.00000000     -0.117226355    
   4.00000000      -6.45915866E-02
   4.00000000       1.00300349E-02
   4.00000000      0.268308222    
   4.00000000     -0.125007391    
   4.00000000      -4.58943769E-02
   4.00000000      0.229266882    
   4.00000000       3.83636132E-02
   4.00000000      0.113654427    
   4.00000000     -0.454663813    
   4.00000000     -0.672748744    
   4.00000000     -0.313574404    
   4.00000000     -0.472898394    
   4.00000000     -0.672086835    
   4.00000000     -0.779923856    
   4.00000000     -0.758760452    
   4.00000000     -0.622246504    
   4.00000000     -0.581744671    
   4.00000000     -0.462313175    
   4.00000000     -0.186154932    
   4.00000000     -0.412739098    
   4.00000000     -0.277278006    
   4.00000000     -0.203432292    
   4.00000000     -0.316816211    
   4.00000000     -0.352438688    
   4.00000000       4.79976684E-02
   4.00000000      -7.07054585E-02
   4.00000000      -4.12704572E-02
   4.00000000      0.100492589    
   4.00000000     -0.247963116    
   4.00000000     -0.165797621    
   4.00000000     -0.201081246    
   4.00000000     -0.198496699    
   4.00000000     -0.157660156    
   4.00000000     -0.154322386    
   4.00000000     -0.142612055    
   4.00000000       1.31291002E-02
   4.00000000      -4.73216176E-02
   4.00000000      -8.75865072E-02
   4.00000000      -1.29687488E-02
   4.00000000       4.12403420E-02
   4.00000000      0.153927416    
   4.00000000       4.33610789E-02
   4.00000000       4.46826220E-02
   4.00000000      0.187394202    
   4.00000000     -0.145531967    
   4.00000000     -0.188847274    
   4.00000000     -0.189719617    
   4.00000000      -5.86844683E-02
   4.00000000     -0.338382661    
   4.00000000     -0.239274144    
   4.00000000     -0.123291351    
   4.00000000     -0.410878778    
   4.00000000     -0.409289420    
   4.00000000     -0.335020900    
   4.00000000     -0.381398678    
   4.00000000     -0.483069837    
   4.00000000     -0.256599814    
   4.00000000     -0.189117879    
   4.00000000     -0.157285333    
   4.00000000      -2.56122723E-02
   4.00000000     -0.255361915    
   4.00000000      -4.90888283E-02
   4.00000000     -0.154079348    
   4.00000000      -5.69707900E-02
   4.00000000      0.675230742    
   4.00000000      0.554578185    
   4.00000000      0.350599289    
   4.00000000      0.729582906    
   4.00000000       7.81239793E-02
   4.00000000      0.215013742    
   4.00000000       6.79581463E-02
   4.00000000      0.152434617    
   4.00000000     -0.101270020    
   4.00000000       2.83456594E-02
   4.00000000     -0.129144400    
   4.00000000      -7.33014271E-02
   4.00000000       3.13329026E-02
   4.00000000      -7.63689727E-03
   4.00000000      -6.86753467E-02
   4.00000000     -0.277705282    
   4.00000000     -0.117190912    
   4.00000000     -0.261550397    
   4.00000000      -5.64550236E-02
   4.00000000     -0.368244946    
   4.00000000     -0.459928364    
   4.00000000     -0.435212433    
   4.00000000     -0.319682032    
   4.00000000      -9.82889980E-02
   4.00000000     -0.264419734    
   4.00000000      -7.57791400E-02
   4.00000000       1.01877823E-02
   4.00000000      0.104868144    
   4.00000000      0.220889211    
   4.00000000     -0.204940677    
   4.00000000     -0.171121955    
   4.00000000     -0.298935890    
   4.00000000      -2.08325163E-02
   4.00000000     -0.204967067    
   4.00000000      0.101647280    
   4.00000000       4.03258204E-02
   4.00000000     -0.156413376    
   4.00000000     -0.103477038    
   4.00000000       5.86421564E-02
   4.00000000       1.23445466E-02
   4.00000000       7.43955001E-02
   4.00000000      0.115571722    
   4.00000000      0.183916599    
   4.00000000     -0.290644228    
   4.00000000      0.132036000    
   4.00000000      -1.95225254E-02
   4.00000000       9.13953558E-02
   4.00000000       9.45734978E-02
   4.00000000       2.17049010E-02
   4.00000000      0.387763649    
   4.00000000      0.398570657    
   4.00000000      0.250496596    
   3.00000000       4.01821956E-02
   3.00000000      -7.18453526E-02
   3.00000000     -0.355438232    
   3.00000000     -0.319137216    
   3.00000000     -0.357901961    
   3.00000000      0.139570653    
   3.00000000      0.198800370    
   3.00000000       8.28399137E-02
   3.00000000     -0.121068768    
   3.00000000     -0.411932319    
   3.00000000     -0.332621306    
   3.00000000     -0.144859195    
   3.00000000       4.21685055E-02
   3.00000000      -4.97677661E-02
   3.00000000       5.07390127E-02
   3.00000000       4.52771783E-02
   3.00000000       7.54776597E-02
   3.00000000      -4.94103357E-02
   3.00000000      -6.62282780E-02
   3.00000000       6.37623072E-02
   3.00000000     -0.627104282    
   3.00000000     -0.572610319    
   3.00000000     -0.772449791    
   3.00000000       1.24531910E-02
   3.00000000      -9.82528552E-02
   3.00000000      -5.22343479E-02
   3.00000000     -0.492446691    
   3.00000000     -0.625954390    
   3.00000000     -0.583741844    
   3.00000000     -0.101662025    
   3.00000000      -5.13328165E-02
   3.00000000     -0.186571658    
   3.00000000      -1.74140111E-02
   3.00000000     -0.186453864    
   3.00000000     -0.185514659    
   3.00000000      -6.55336753E-02
   3.00000000       8.76053572E-02
   3.00000000       1.08813345E-02
   3.00000000     -0.231111795    
   3.00000000     -0.459803075    
   3.00000000     -0.202720657    
   3.00000000     -0.295348853    
   3.00000000     -0.114159264    
   3.00000000     -0.248626858    
   3.00000000       2.84786895E-02
   3.00000000      0.235058188    
   3.00000000      0.324418336    
   3.00000000       4.41853777E-02
   3.00000000      0.247125745    
   3.00000000      0.125073940    
   3.00000000     -0.201812923    
   3.00000000     -0.303505361    
   3.00000000     -0.299746871    
   3.00000000     -0.163469017    
   3.00000000     -0.143800586    
   3.00000000      -1.78098679E-04
   3.00000000     -0.199874610    
   3.00000000     -0.332374781    
   3.00000000     -0.274854839    
   3.00000000     -0.188396722    
   3.00000000       7.94170052E-03
   3.00000000     -0.246923923    
   3.00000000     -0.548535109    
   3.00000000     -0.469578594    
   3.00000000     -0.399159461    
   3.00000000       3.87685597E-02
   3.00000000      -6.42329082E-02
   3.00000000     -0.179008752    
   3.00000000      0.321342885    
   3.00000000      0.197056800    
   3.00000000      0.120300718    
   3.00000000     -0.365938783    
   3.00000000     -0.318857521    
   3.00000000     -0.172721297    
   3.00000000     -0.229165167    
   3.00000000      -4.39806357E-02
   3.00000000      -9.45381820E-04
   3.00000000      -7.68399686E-02
   3.00000000      -5.49695343E-02
   3.00000000      -1.19362101E-02
   3.00000000      -4.85962704E-02
   3.00000000     -0.129927218    
   3.00000000     -0.295758694    
   3.00000000     -0.300268650    
   3.00000000     -0.227716401    
   3.00000000     -0.220602319    
   3.00000000     -0.254667222    
   3.00000000     -0.141455263    
   3.00000000      -3.53442505E-02
   3.00000000     -0.103709452    
   3.00000000       1.14572123E-02
   3.00000000      -9.57723930E-02
   3.00000000      -5.56553751E-02
   3.00000000     -0.214847267    
   3.00000000     -0.133536965    
   3.00000000      0.140498102    
   3.00000000      0.331342936    
   3.00000000      0.156888068    
   3.00000000      0.132417858    
   3.00000000      0.157617599    
   3.00000000      -4.82703112E-02
   3.00000000       4.30743024E-03
   3.00000000       2.28016376E-02
   3.00000000       3.54941338E-02
   3.00000000       3.03543136E-02
   3.00000000     -0.185626537    
   3.00000000     -0.129365325    
   3.00000000     -0.364323437    
   3.00000000       9.74197686E-03
   3.00000000      -8.12358409E-03
   3.00000000     -0.193937123    
   3.00000000       4.08577025E-02
   3.00000000     -0.193619102    
   3.00000000     -0.173475593    
   3.00000000     -0.150328398    
   3.00000000     -0.267515659    
   3.00000000      -6.95622042E-02
   3.00000000     -0.200404435    
   3.00000000     -0.229276538    
   3.00000000     -0.270348907    
   3.00000000       7.52684548E-02
   3.00000000      0.218626976    
   3.00000000      0.192340672    
   3.00000000      0.466060817    
   3.00000000      0.288354337    
   3.00000000      0.309078038    
   3.00000000     -0.131055027    
   3.00000000     -0.201945007    
   3.00000000      0.115956433    
   3.00000000      0.100577869    
   3.00000000       1.18569694E-02
   3.00000000       1.60082802E-02
   3.00000000       8.74383003E-02
   3.00000000      0.189298809    
   3.00000000     -0.137487233    
   3.00000000     -0.247900695    
   3.00000000     -0.284678578    
   3.00000000      0.158916444    
   3.00000000      0.242190063    
   3.00000000      0.309731156    
   3.00000000      0.433197677    
   3.00000000      0.154878885    
   3.00000000      0.199219495    
   3.00000000       1.75291300E-02
   3.00000000      -9.69989076E-02
   3.00000000      -9.95556265E-03
   3.00000000      -1.06674743    
   3.00000000     -0.965152204    
   3.00000000     -0.970362604    
   3.00000000     -0.176081359    
   3.00000000     -0.225257114    
   3.00000000     -0.133693695    
   3.00000000      0.181196913    
   3.00000000      0.129392132    
   3.00000000      0.110210240    
   3.00000000       2.95882821E-02
   3.00000000       9.59281102E-02
   3.00000000     -0.203312054    
   3.00000000     -0.597573221    
   3.00000000     -0.650411069    
   3.00000000     -0.472649038    
   3.00000000      -4.72860336E-02
   3.00000000     -0.309483051    
   3.00000000      -7.15425014E-02
   3.00000000      0.113310702    
   3.00000000      0.179367125    
   3.00000000      0.115592830    
   3.00000000     -0.488236785    
   3.00000000     -0.350256860    
   3.00000000     -0.282079726    
   3.00000000       1.97901726E-02
   3.00000000     -0.202475637    
   3.00000000      -6.24758154E-02
   3.00000000      0.192246437    
   3.00000000      0.257766008    
   3.00000000      0.344010144    
   3.00000000     -0.233221725    
   3.00000000     -0.191502064    
   3.00000000     -0.217076063    
   3.00000000     -0.139028788    
   3.00000000      0.175337076    
   3.00000000     -0.166965574    
   3.00000000     -0.102652095    
   3.00000000     -0.137077168    
   3.00000000       5.24904877E-02
   3.00000000     -0.305795133    
   3.00000000     -0.276940286    
   3.00000000     -0.275056869    
   3.00000000      0.584805727    
   3.00000000      0.553580284    
   3.00000000      0.478670955    
   3.00000000     -0.193572402    
   3.00000000     -0.142097265    
   3.00000000     -0.113268569    
   3.00000000       5.17498516E-02
   3.00000000      0.142851084    
   3.00000000      -6.33746535E-02
   3.00000000      -7.26100877E-02
   3.00000000       2.27967687E-02
   3.00000000      -4.23222408E-02
   3.00000000     -0.795605719    
   3.00000000     -0.832221150    
   3.00000000     -0.762213409    
   3.00000000      0.184920549    
   3.00000000      0.202200174    
   3.00000000      0.121084593    
   3.00000000       1.85139775E-02
   3.00000000      -7.47666135E-02
   3.00000000     -0.116232902    
   3.00000000     -0.468822598    
   3.00000000     -0.563939035    
   3.00000000     -0.660924554    
   3.00000000     -0.339468122    
   3.00000000     -0.234166712    
   3.00000000     -0.188273773    
   3.00000000     -0.302358925    
   3.00000000     -0.282523751    
   3.00000000     -0.219556063    
   3.00000000      -6.98330328E-02
   3.00000000     -0.199294746    
   3.00000000     -0.359278142    
   3.00000000      -7.86050260E-02
   3.00000000       2.28439867E-02
   3.00000000      0.193346828    
   3.00000000      0.219455838    
   3.00000000       9.68619958E-02
   3.00000000      -4.23975773E-02
   3.00000000      0.109063029    
   3.00000000      -5.01410626E-02
   3.00000000     -0.109483682    
   3.00000000      0.216280192    
   3.00000000      0.238346338    
   3.00000000      0.244291127    
   3.00000000      -6.56560063E-02
   3.00000000     -0.123682953    
   3.00000000      -6.94809631E-02
   3.00000000     -0.547455192    
   3.00000000     -0.367931157    
   3.00000000     -0.403822362    
   3.00000000     -0.202666610    
   3.00000000      -3.34430262E-02
   3.00000000     -0.107071362    
   3.00000000     -0.833229065    
   3.00000000     -0.849272132    
   3.00000000     -0.742816448    
   3.00000000     -0.179076135    
   3.00000000     -0.346093804    
   3.00000000     -0.245959580    
   3.00000000     -0.125339717    
   3.00000000      -9.41499993E-02
   3.00000000     -0.153289407    
   3.00000000     -0.219342738    
   3.00000000     -0.292019039    
   3.00000000     -0.140751034    
   3.00000000      0.190826669    
   3.00000000       5.21973819E-02
   3.00000000      0.182967573    
   3.00000000      0.218052328    
   3.00000000      0.167438328    
   3.00000000      0.252897322    
   3.00000000     -0.272037178    
   3.00000000     -0.248212814    
   3.00000000     -0.225086063    
   3.00000000      0.328991652    
   3.00000000      0.233698457    
   3.00000000      -2.40621865E-02
   3.00000000     -0.169668823    
   3.00000000      0.104540154    
   3.00000000     -0.364187777    
   3.00000000     -0.416099787    
   3.00000000     -0.349055797    
   3.00000000      -9.98626128E-02
   3.00000000     -0.145708323    
   3.00000000     -0.199175835    
   3.00000000      0.237824947    
   3.00000000      0.210480601    
   3.00000000       4.80204821E-04
   3.00000000     -0.398322374    
   3.00000000     -0.224615812    
   3.00000000     -0.251794487    
   3.00000000     -0.154343933    
   3.00000000      -8.26795101E-02
   3.00000000      0.201852918    
   3.00000000      0.137625515    
   3.00000000       9.88035798E-02
   3.00000000      0.402086645    
   3.00000000       1.69286430E-02
   3.00000000      0.130888134    
   3.00000000      0.334424496    
   3.00000000       9.22314674E-02
   3.00000000      -1.81347877E-03
   3.00000000      -1.29791349E-03
   3.00000000     -0.133076578    
   3.00000000     -0.446884930    
   3.00000000     -0.678078890    
   3.00000000     -0.479728699    
   3.00000000     -0.183287561    
   3.00000000     -0.254332989    
   3.00000000     -0.362207800    
   3.00000000      -2.31954455E-02
   3.00000000      0.110705912    
   3.00000000      0.152351946    
   2.00000000      0.460385740    
   2.00000000      0.210666329    
   2.00000000      0.108177349    
   2.00000000       8.13373029E-02
   2.00000000      0.143631116    
   2.00000000      0.574841559    
   2.00000000      -1.92360058E-02
   2.00000000      0.305002034    
   2.00000000     -0.222986817    
   2.00000000     -0.492153019    
   2.00000000     -0.427151501    
   2.00000000     -0.340622604    
   2.00000000      -9.53409299E-02
   2.00000000      -8.58184621E-02
   2.00000000      0.536418140    
   2.00000000      0.641462743    
   2.00000000       5.79752326E-02
   2.00000000      0.122597255    
   2.00000000       8.62345919E-02
   2.00000000     -0.114240490    
   2.00000000      0.269576669    
   2.00000000       5.94222769E-02
   2.00000000     -0.259585857    
   2.00000000     -0.304835349    
   2.00000000      -1.09006651E-02
   2.00000000       3.93814333E-02
   2.00000000     -0.239446372    
   2.00000000     -0.377807409    
   2.00000000      -6.56152964E-02
   2.00000000     -0.134119660    
   2.00000000       3.48225534E-02
   2.00000000     -0.113421649    
   2.00000000      -5.79788834E-02
   2.00000000      0.135310873    
   2.00000000      0.383890957    
   2.00000000     -0.104450643    
   2.00000000      0.167791754    
   2.00000000      0.103510484    
   2.00000000      -8.98363963E-02
   2.00000000      0.369576782    
   2.00000000      0.179877967    
   2.00000000      -5.03897220E-02
   2.00000000       2.86875367E-02
   2.00000000      0.145408288    
   2.00000000       3.17963362E-02
   2.00000000       7.47880340E-02
   2.00000000     -0.158160448    
   2.00000000      -5.00818864E-02
   2.00000000     -0.142244756    
   2.00000000       6.10716492E-02
   2.00000000       7.56649673E-02
   2.00000000       7.51152635E-03
   2.00000000      0.191381499    
   2.00000000       1.84451342E-02
   2.00000000     -0.134601086    
   2.00000000       2.94083506E-02
   2.00000000     -0.112171859    
   2.00000000     -0.124342762    
   2.00000000      -3.53675485E-02
   2.00000000       1.26748793E-02
   2.00000000      0.217666179    
   2.00000000     -0.727698386    
   2.00000000     -0.719183743    
   2.00000000     -0.109218642    
   2.00000000      -2.91032270E-02
   2.00000000      0.105977237    
   2.00000000      0.145293236    
   2.00000000     -0.201745436    
   2.00000000     -0.140217930    
   2.00000000     -0.123546094    
   2.00000000     -0.120598659    
   2.00000000      -1.83358788E-02
   2.00000000      0.187091663    
   2.00000000     -0.260488957    
   2.00000000     -0.251307130    
   2.00000000      -2.30311453E-02
   2.00000000     -0.159469977    
   2.00000000      0.165418267    
   2.00000000      0.228643745    
   2.00000000       3.82864848E-02
   2.00000000     -0.269923598    
   2.00000000     -0.337145746    
   2.00000000     -0.404336900    
   2.00000000     -0.376186013    
   2.00000000     -0.396200061    
   2.00000000      -9.64754894E-02
   2.00000000     -0.271820188    
   2.00000000       8.37852433E-02
   2.00000000      -7.50685781E-02
   2.00000000      0.107609056    
   2.00000000      0.143506512    
   2.00000000       4.62198257E-03
   2.00000000       4.84662503E-03
   2.00000000      -7.22793490E-03
   2.00000000     -0.105055407    
   2.00000000      0.143908262    
   2.00000000      0.193914831    
   2.00000000     -0.407364249    
   2.00000000     -0.260760009    
   2.00000000     -0.230680481    
   2.00000000      -7.35348836E-02
   2.00000000       6.51938766E-02
   2.00000000       4.45098430E-03
   2.00000000      -5.58627024E-03
   2.00000000      0.119339243    
   2.00000000     -0.107736260    
   2.00000000     -0.181137949    
   2.00000000       8.95943865E-02
   2.00000000       9.47392210E-02
   2.00000000     -0.349624872    
   2.00000000     -0.167589679    
   2.00000000      -8.19068998E-02
   2.00000000       8.58537555E-02
   2.00000000       5.84033877E-02
   2.00000000      -4.39532101E-02
   2.00000000      0.140226230    
   2.00000000      0.130485028    
   2.00000000      -6.43391535E-02
   2.00000000     -0.167354047    
   2.00000000      -8.39642361E-02
   2.00000000     -0.120601699    
   2.00000000      0.456577003    
   2.00000000      0.589071989    
   2.00000000     -0.117698945    
   2.00000000     -0.279681146    
   2.00000000     -0.420455813    
   2.00000000     -0.179381520    
   2.00000000     -0.551234365    
   2.00000000     -0.656249642    
   2.00000000     -0.256047606    
   2.00000000     -0.263146758    
   2.00000000     -0.147762135    
   2.00000000       7.73249418E-02
   2.00000000      -2.90081240E-02
   2.00000000       8.53989348E-02
   2.00000000      0.102699444    
   2.00000000     -0.150880784    
   2.00000000     -0.160627782    
   2.00000000     -0.156916246    
   2.00000000     -0.223408401    
   2.00000000     -0.104868934    
   2.00000000     -0.350512952    
   2.00000000     -0.282542318    
   2.00000000     -0.102501892    
   2.00000000       8.79577845E-02
   2.00000000     -0.397794068    
   2.00000000     -0.236636132    
   2.00000000       1.89984404E-03
   2.00000000       4.80467677E-02
   2.00000000     -0.301605701    
   2.00000000     -0.133155793    
   2.00000000     -0.850521863    
   2.00000000     -0.816756666    
   2.00000000     -0.414562881    
   2.00000000     -0.397080421    
   2.00000000      -4.45784405E-02
   2.00000000       1.66374967E-02
   2.00000000     -0.314574510    
   2.00000000      -7.18651041E-02
   2.00000000      -2.86528394E-02
   2.00000000      0.112876676    
   2.00000000     -0.209304392    
   2.00000000       2.25620531E-02
   2.00000000      -9.35945585E-02
   2.00000000      -6.68409914E-02
   2.00000000     -0.328727752    
   2.00000000     -0.140826613    
   2.00000000      -7.64814913E-02
   2.00000000      0.208022192    
   2.00000000      0.244780183    
   2.00000000       8.46533999E-02
   2.00000000     -0.837581813    
   2.00000000     -0.765480161    
   2.00000000      -4.38250601E-02
   2.00000000       3.79974395E-02
   2.00000000     -0.187180668    
   2.00000000     -0.162840232    
   2.00000000       8.00574198E-02
   2.00000000      -5.27815521E-02
   2.00000000     -0.167929590    
   2.00000000     -0.161452055    
   2.00000000     -0.218203187    
   2.00000000     -0.277007729    
   2.00000000      0.196529448    
   2.00000000      -2.73845270E-02
   2.00000000      -4.96935174E-02
   2.00000000     -0.101969644    
   2.00000000      -5.80109432E-02
   2.00000000      -7.79671520E-02
   2.00000000     -0.378780007    
   2.00000000     -0.469254196    
   2.00000000      0.373034716    
   2.00000000      0.156383887    
   2.00000000     -0.199675947    
   2.00000000     -0.321674585    
   2.00000000     -0.138443351    
   2.00000000      -9.18677971E-02
   2.00000000      -8.10912549E-02
   2.00000000     -0.136078253    
   2.00000000     -0.237657875    
   2.00000000       5.05163148E-02
   2.00000000       2.48262286E-02
   2.00000000       7.34390169E-02
   2.00000000     -0.133823961    
   2.00000000     -0.156000942    
   2.00000000     -0.183637023    
   2.00000000     -0.142252237    
   2.00000000     -0.292060107    
   2.00000000     -0.370197117    
   2.00000000      0.136712745    
   2.00000000      0.101992391    
   2.00000000      -5.88664189E-02
   2.00000000     -0.214234143    
   2.00000000     -0.161459297    
   2.00000000      -6.50075823E-03
   2.00000000       7.78738037E-02
   2.00000000      0.170985937    
   2.00000000     -0.795567691    
   2.00000000     -0.690040588    
   2.00000000      -9.24587995E-03
   2.00000000       4.69996482E-02
   2.00000000     -0.107975319    
   2.00000000      -9.53839496E-02
   2.00000000     -0.168670684    
   2.00000000     -0.443216026    
   2.00000000     -0.197360694    
   2.00000000      -9.63249803E-02
   2.00000000     -0.149976552    
   2.00000000     -0.176655412    
   2.00000000      0.133338451    
   2.00000000      -6.32143766E-03
   2.00000000     -0.264244914    
   2.00000000     -0.153385818    
   2.00000000       5.25436550E-02
   2.00000000     -0.188664377    
   2.00000000      0.164919630    
   2.00000000      0.224977791    
   2.00000000     -0.102890410    
   2.00000000     -0.210320249    
   2.00000000      0.219803900    
   2.00000000      0.109206475    
   2.00000000      0.146227106    
   2.00000000      0.203660607    
   2.00000000     -0.278907120    
   2.00000000     -0.229744047    
   2.00000000     -0.106659815    
   2.00000000      -2.62597725E-02
   2.00000000       7.18308613E-02
   2.00000000       2.94643641E-03
   2.00000000     -0.372603565    
   2.00000000     -0.213380516    
   2.00000000      0.150403082    
   2.00000000      0.125922412    
   2.00000000      0.306935370    
   2.00000000      0.178431556    
   2.00000000      0.112296790    
   2.00000000       8.52024406E-02
   2.00000000      0.134319276    
   2.00000000       7.00758323E-02
   2.00000000     -0.632993937    
   2.00000000     -0.665115833    
   2.00000000      0.454992712    
   2.00000000      0.302828610    
   2.00000000      -2.71289796E-02
   2.00000000      -7.81400651E-02
   2.00000000     -0.118007272    
   2.00000000      -3.81784439E-02
   2.00000000      0.191208020    
   2.00000000       2.04543024E-02
   2.00000000     -0.207827836    
   2.00000000     -0.206714511    
   2.00000000     -0.174651638    
   2.00000000      -7.67526850E-02
   2.00000000     -0.222095013    
   2.00000000     -0.117182910    
   2.00000000       2.89464444E-02
   2.00000000       3.17635089E-02
   2.00000000       1.70240775E-02
   2.00000000     -0.140460461    
   2.00000000      0.150335610    
   2.00000000       4.04073000E-02
   2.00000000      0.397617787    
   2.00000000      0.191696584    
   2.00000000       2.27819756E-02
   2.00000000     -0.186611816    
   2.00000000     -0.555363536    
   2.00000000     -0.605375051    
   2.00000000     -0.209932402    
   2.00000000      -2.03973651E-02
   2.00000000     -0.293719769    
   2.00000000     -0.366395622    
   2.00000000      0.318578899    
   2.00000000      0.294858217    
   2.00000000      0.345163763    
   2.00000000      0.218296945    
   2.00000000     -0.319842845    
   2.00000000     -0.255018234    
   2.00000000      -4.37858924E-02
   2.00000000       2.49853730E-02
   2.00000000     -0.223708048    
   2.00000000     -0.194565922    
   2.00000000      -6.82151318E-02
   2.00000000     -0.104370989    
   2.00000000     -0.153274909    
   2.00000000      -1.15075558E-02
   2.00000000      -7.74896666E-02
   2.00000000     -0.231596231    
   2.00000000      -4.37829420E-02
   2.00000000       4.07073051E-02
   2.00000000     -0.221521884    
   2.00000000      -6.86134249E-02
   2.00000000       1.21917874E-02
   2.00000000       1.29133463E-03
   2.00000000       8.99862573E-02
   2.00000000      0.239787370    
   2.00000000      -3.97713482E-02
   2.00000000      -1.93448775E-02
   2.00000000     -0.151380956    
   2.00000000       5.04574552E-02
   2.00000000     -0.238156617    
   2.00000000     -0.246602029    
   2.00000000     -0.387758762    
   2.00000000     -0.307355255    
   2.00000000      0.282118529    
   2.00000000      -3.21484618E-02
   2.00000000       9.31722373E-02
   2.00000000      0.257185102    
   2.00000000      -6.79242238E-02
   2.00000000     -0.320374399    
   2.00000000      0.416902423    
   2.00000000      0.510626316    
   2.00000000     -0.157896221    
   2.00000000     -0.253354788    
   2.00000000      0.144469813    
   2.00000000       8.21977854E-03
   2.00000000     -0.122736327    
   2.00000000     -0.209605992    
   2.00000000      0.153362691    
   2.00000000      0.104367815    
   2.00000000     -0.598932207    
   2.00000000     -0.340988845    
   2.00000000     -0.425260752    
   2.00000000     -0.394065082    
   2.00000000      0.462324768    
   2.00000000      0.329472750    
   2.00000000      0.239511415    
   2.00000000       7.57779554E-02
   2.00000000     -0.333807915    
   2.00000000     -0.417125106    
   2.00000000      -5.23616523E-02
   2.00000000       3.66825946E-02
   2.00000000       4.24444675E-02
   2.00000000      -9.73393694E-02
   2.00000000      -2.32977793E-02
   2.00000000      -5.55898063E-02
   2.00000000      -1.24020725E-02
   2.00000000      0.143539548    
   2.00000000     -0.592124999    
   2.00000000     -0.390659004    
   2.00000000       4.94135693E-02
   2.00000000     -0.105830170    
   2.00000000     -0.370964706    
   2.00000000     -0.459440023    
   2.00000000     -0.190015048    
   2.00000000      -5.37931025E-02
   2.00000000     -0.113415502    
   2.00000000     -0.155476093    
   2.00000000      -5.27075827E-02
   2.00000000      -1.14430487E-03
   2.00000000     -0.189437151    
   2.00000000     -0.189514011    
   2.00000000      -1.93381011E-02
   2.00000000      -7.77286366E-02
   2.00000000      -9.77443829E-02
   2.00000000     -0.181421876    
   2.00000000     -0.168983221    
   2.00000000      -5.60188852E-02
   2.00000000     -0.186615691    
   2.00000000     -0.194065690    
   2.00000000      -9.07017440E-02
   2.00000000      -1.42044351E-02
   2.00000000     -0.162161142    
   2.00000000     -0.134957194    
   2.00000000     -0.104789697    
   2.00000000     -0.170338809    
   2.00000000     -0.134789139    
   2.00000000      -4.88864854E-02
   2.00000000     -0.159740567    
   2.00000000       3.88658196E-02
   2.00000000     -0.320328265    
   2.00000000     -0.263714403    
   2.00000000      -1.35067627E-02
   2.00000000       9.68700796E-02
   2.00000000     -0.265586495    
   2.00000000     -0.167433232    
   2.00000000     -0.106351681    
   2.00000000     -0.216447592    
   2.00000000     -0.193013966    
   2.00000000     -0.106413700    
   2.00000000     -0.625554204    
   2.00000000     -0.571426988    
   2.00000000      -4.85101454E-02
   2.00000000      -7.49436244E-02
   2.00000000       8.98453146E-02
   2.00000000     -0.205819696    
   2.00000000     -0.275160670    
   2.00000000       9.00584534E-02
   2.00000000      0.285509944    
   2.00000000      0.155660540    
   2.00000000     -0.488272756    
   2.00000000     -0.435443640    
   2.00000000      0.279566228    
   2.00000000      0.277002156    
   2.00000000     -0.141456395    
   2.00000000      -7.87781924E-02
   2.00000000     -0.266982228    
   2.00000000     -0.220725507    
   2.00000000     -0.281136394    
   2.00000000     -0.200884819    
   2.00000000     -0.237901762    
   2.00000000     -0.175625116    
   2.00000000      -2.68567801E-02
   2.00000000      -8.96708667E-03
   2.00000000     -0.540358126    
   2.00000000     -0.625782371    
   2.00000000      0.611859739    
   2.00000000      0.477329224    
   2.00000000      0.109242894    
   2.00000000      -2.44152695E-02
   2.00000000     -0.125089779    
   2.00000000     -0.124867529    
   2.00000000     -0.465121835    
   2.00000000     -0.175362140    
   2.00000000     -0.119991861    
   2.00000000     -0.173389286    
   2.00000000     -0.525829315    
   2.00000000     -0.685730934    
   2.00000000      -4.30332571E-02
   2.00000000      -3.78943309E-02
   2.00000000     -0.335682750    
   2.00000000     -0.178021312    
   2.00000000      -5.69701120E-02
   2.00000000     -0.236076206    
   2.00000000     -0.309930593    
   2.00000000     -0.159038097    
   2.00000000      -8.90489295E-02
   2.00000000     -0.117240213    
   2.00000000     -0.426923066    
   2.00000000     -0.404980987    
   2.00000000       7.11207092E-02
   2.00000000      0.149473593    
   2.00000000     -0.366981447    
   2.00000000     -0.345915526    
   2.00000000     -0.177715331    
   2.00000000     -0.217952073    
   2.00000000     -0.157214850    
   2.00000000     -0.112358868    
   2.00000000     -0.285076678    
   2.00000000     -0.163091481    
   2.00000000       9.31668803E-02
   2.00000000       2.27073655E-02
   2.00000000      -8.99234414E-03
   2.00000000     -0.156100065    
   2.00000000      -3.76976803E-02
   2.00000000      -4.33980599E-02
   2.00000000       5.24985902E-02
   2.00000000      -5.77960350E-02
   2.00000000     -0.144312114    
   2.00000000     -0.177699000    
   2.00000000       8.03303495E-02
   2.00000000      0.333773732    
   2.00000000       7.33695477E-02
   2.00000000      0.385466605    
   2.00000000      0.280916005    
   2.00000000      0.193487331    
   2.00000000      0.583444297    
   2.00000000      0.365511090    
   2.00000000      0.206785768    
   2.00000000     -0.152953550    
   2.00000000      0.138345674    
   2.00000000      0.128391176    
   2.00000000      0.345594496    
   2.00000000     -0.388925940    
   2.00000000     -0.282192528    
   2.00000000      -2.26013809E-02
   2.00000000       7.57131502E-02
   2.00000000     -0.290246159    
   2.00000000      -7.26749003E-02
   2.00000000       1.92150995E-02
   2.00000000     -0.204106301    
   2.00000000      0.106257275    
   2.00000000       4.29996774E-02
   2.00000000      -3.45867127E-02
   2.00000000      -3.12268585E-02
   2.00000000     -0.176949441    
   2.00000000      0.199245229    
   2.00000000      -1.13691539E-02
   2.00000000     -0.111667223    
   2.00000000     -0.102515563    
   2.00000000      0.193514526    
   2.00000000      -8.60283673E-02
   2.00000000       4.51649278E-02
   2.00000000       6.18017167E-02
   2.00000000      0.252598286    
   2.00000000      -7.13665262E-02
   2.00000000      -7.61439204E-02
   2.00000000     -0.199261934    
   2.00000000     -0.173167884    
   2.00000000     -0.317328274    
   2.00000000      -4.78212312E-02
   2.00000000      -5.27472422E-02
   2.00000000      -6.98246807E-03
   2.00000000      -3.16905379E-02
   2.00000000       9.09114107E-02
   2.00000000       1.36656091E-02
   2.00000000       6.68277889E-02
   2.00000000      0.111447580    
   2.00000000      -5.54008521E-02
   2.00000000       7.69666731E-02
   2.00000000      0.150334656    
   2.00000000      0.395434409    
   2.00000000      0.205908656    
   2.00000000     -0.208184749    
   2.00000000     -0.186131567    
   2.00000000     -0.175858587    
   2.00000000       1.06659979E-02
   2.00000000      -2.60509811E-02
   2.00000000     -0.212640613    
   2.00000000     -0.205085427    
   2.00000000     -0.174943224    
   2.00000000      -3.34247798E-02
   2.00000000       3.10408846E-02
   2.00000000      -7.50913247E-02
   2.00000000      -7.92730451E-02
   2.00000000       3.25205028E-02
   2.00000000      -1.35544017E-02
   2.00000000      0.256083488    
   2.00000000     -0.127004802    
   2.00000000     -0.125228792    
   2.00000000      -6.00119680E-02
   2.00000000      -4.49413136E-02
   2.00000000      -8.44826549E-02
   2.00000000      -9.59818289E-02
   2.00000000     -0.150899112    
   2.00000000      -7.07558393E-02
   2.00000000       6.11256361E-02
   2.00000000       4.47282717E-02
   2.00000000      -3.21484171E-02
   2.00000000       7.75107294E-02
   2.00000000      -1.11961886E-02
   2.00000000     -0.312752396    
   2.00000000       3.46440077E-02
   2.00000000       9.64029580E-02
   2.00000000      0.442526281    
   2.00000000      0.249875560    
   2.00000000      0.123704344    
   2.00000000      -1.56396776E-02
   2.00000000      -8.90194774E-02
   2.00000000      0.198499292    
   2.00000000      0.286827207    
   2.00000000      0.258292913    
   2.00000000      0.193524390    
   2.00000000     -0.121214010    
   2.00000000      0.143487424    
   2.00000000      -2.00585276E-02
   2.00000000      0.134199098    
