           1
           8
           9
          11
          12
          13
          14
          18
          19
          20
          22
          24
          32
          33
          34
          35
          36
          37
          54
          55
          56
          58
          60
          61
          62
          63
          65
          73
          77
          80
          86
          88
          89
          91
          93
          96
         105
         107
         111
         118
         126
         138
         140
         141
         142
         217
         218
         221
         222
         224
         227
         228
         229
         230
         231
         232
         235
         236
         237
         238
         239
         243
         245
         247
         249
         250
         251
         252
         257
         258
         259
         261
         265
         266
         267
         268
         270
         273
         275
         278
         280
         284
         285
         286
         288
         296
         298
         299
         302
         304
         308
         309
         314
         316
         317
         321
         323
         325
         326
         330
         333
         335
         336
         337
         340
         341
         342
         343
         344
         347
         355
         357
         360
         371
         393
         394
         397
         399
         400
         402
         405
         410
         411
         413
         416
         418
         440
         442
         444
         447
         449
         451
         452
         454
         456
         457
         460
         472
         475
         481
         483
         485
         509
         510
         512
         513
         545
         547
         548
         550
         552
         553
         554
         556
         557
         558
         559
         561
         563
         565
         568
         570
         574
         575
         576
         588
         591
         596
         623
         637
         638
         640
         642
         644
         645
         646
         647
         649
         650
         652
         653
         654
         655
         656
         659
         673
         674
         675
         676
         679
         681
         682
         718
         719
         721
         724
         726
         727
         733
         735
         736
         737
         739
         740
         741
         743
         744
         747
         750
         752
         754
         755
         756
         762
         764
         770
         793
         796
         797
         799
         800
         803
         806
         807
         808
         810
         814
         815
         816
         817
         819
         821
         824
         827
         828
         830
         835
         836
         839
         840
         841
         842
         847
         848
         864
         865
         867
         869
         871
         875
         878
         883
         899
         904
         906
         908
         910
         911
         913
         917
         975
         979
         982
         984
         985
         986
         988
         989
         994
         995
         996
         997
         999
        1000
        1001
        1004
        1006
        1012
        1013
        1014
        1016
        1017
        1024
        1027
        1028
        1030
        1033
        1037
        1040
        1048
        1049
        1050
        1051
        1057
        1068
        1090
        1091
        1092
        1093
        1095
        1098
        1101
        1103
        1104
        1105
        1106
        1109
        1110
        1111
        1113
        1116
        1118
        1122
        1124
        1125
        1180
        1181
        1183
        1185
        1188
        1189
        1191
        1192
        1193
        1195
        1196
        1197
        1198
        1200
        1204
        1207
        1209
        1210
        1212
        1215
        1217
        1220
        1228
        1229
        1232
        1233
        1234
        1237
        1242
        1243
        1244
        1246
        1248
        1249
        1250
        1252
        1255
        1256
        1257
        1262
        1263
        1267
        1269
        1271
        1276
        1278
        1279
        1283
        1284
        1287
        1293
        1294
        1295
        1297
        1298
        1300
        1306
        1308
        1310
        1312
        1313
        1316
        1317
        1318
        1320
        1321
        1323
        1324
        1325
        1331
        1337
        1346
        1349
        1350
        1352
        1353
        1354
        1355
        1360
        1361
        1365
        1366
        1367
        1373
        1376
        1377
        1380
        1383
        1384
        1386
        1406
        1409
        1413
        1414
        1415
        1419
        1420
        1428
        1432
        1433
        1436
        1437
        1440
        1441
        1465
        1466
        1469
        1471
        1474
        1475
        1482
        1483
        1489
        1490
        1493
        1494
        1496
        1497
        1503
        1507
        1524
        1527
        1528
        1530
        1532
        1535
        1539
        1540
        1541
        1542
        1549
        1557
        1558
        1573
        1594
        1620
        1630
        1636
        1653
        1657
        1663
        1721
        1777
        1779
        1782
        1818
        1821
        1822
        1826
        1828
        1829
        1833
        1835
        1837
        1843
        1844
        1846
        1847
        1849
        1850
        1855
        1858
        1859
        1860
        1862
        1870
        1872
        1876
        1881
        1882
        1883
        1899
        1900
        1905
        1907
        1908
        1909
        1912
        1914
        1915
        1917
        1918
        1922
        1923
        1928
        1929
        1932
        1935
        1941
        1943
        1951
        1954
        1965
        1966
        1968
        1970
        1980
        1987
        1997
        2000
        2009
        2010
        2029
        2032
        2036
        2040
        2042
        2057
        2075
        2091
        2492
        2497
        2500
        2501
        2504
        2506
        2507
        2510
        2511
        2512
        2513
        2514
        2515
        2516
        2517
        2518
        2519
        2520
        2522
        2523
        2524
        2526
        2534
        2537
        2541
        2542
        2543
        2546
        2549
        2550
        2554
        2555
        2556
        2558
        2563
        2564
        2566
        2568
        2575
        2578
        2582
        2583
        2584
        2586
        2590
        2591
        2592
        2594
        2597
        2601
        2604
        2606
        2612
        2620
        2623
        2624
        2625
        2627
        2633
        2637
        2639
        2645
        2653
        2662
        2664
        2665
        2669
        2685
        2686
        2693
        2700
        2701
        2710
        2715
        2719
        2728
        2729
        2732
        2739
        2742
        2753
        2757
        2758
        2760
        2785
        2791
        2793
        2796
        2824
        2838
        2851
        2932
        2958
        2965
        2969
        2974
        2978
        2984
        2985
        2986
        2989
        2999
        3003
        3006
        3007
        3009
        3012
        3014
        3015
        3017
        3020
        3021
        3022
        3025
        3029
        3033
        3036
        3039
        3041
        3042
        3043
        3045
        3046
        3048
        3050
        3052
        3058
        3060
        3063
        3067
        3072
        3074
        3075
        3076
        3077
        3078
        3082
        3091
        3097
        3103
        3121
        3122
        3126
        3137
        3146
        3149
        3150
        3156
        3161
        3163
        3168
        3170
        3176
        3184
        3185
        3198
        3199
        3201
        3204
        3205
        3208
        3218
        3225
        3227
        3229
        3230
        3234
        3242
        3244
        3247
        3251
        3256
        3259
        3263
        3265
        3268
        3270
        3281
        3285
        3286
        3290
        3309
        3311
        3316
        3318
        3331
        3336
        3340
        3361
        3723
        3724
        3725
        3726
        3728
        3729
        3730
        3736
        3737
        3739
        3743
        3745
        3747
        3748
        3749
        3750
        3755
        3756
        3757
        3758
        3759
        3760
        3761
        3765
        3770
        3771
        3774
        3777
        3779
        3783
        3784
        3785
        3787
        3789
        3791
        3793
        3794
        3795
        3796
        3799
        3801
        3802
        3805
        3811
        3812
        3814
        3820
        3824
        3830
        3833
        3834
        3835
        3836
        3839
        3841
        3842
        3844
        3850
        3856
        3859
        3860
        3862
        3864
        3868
        3874
        3875
        3882
        3885
        3887
        3888
        3889
        3894
        3895
        3898
        3910
        3912
        3914
        3917
        3924
        3937
        3949
        3953
        3964
        3967
        3971
        3972
        3973
        3974
        3979
        3983
        4001
        4007
        4029
        4062
        4120
        4121
        4124
        4125
        4133
        4135
        4137
        4140
        4143
        4144
        4146
        4154
        4168
        4175
        4177
        4180
        4183
        4190
        4191
        4192
        4196
        4203
        4208
        4210
        4214
        4220
        4221
        4225
        4227
        4228
        4229
        4230
        4231
        4236
        4237
        4239
        4240
        4241
        4247
        4248
        4249
        4250
        4254
        4255
        4257
        4259
        4269
        4275
        4282
        4283
        4284
        4286
        4292
        4297
        4303
        4304
        4317
        4321
        4333
        4336
        4339
        4340
        4364
        4366
        4379
        4380
        4384
        4390
        4392
        4395
        4404
        4409
        4417
        4420
        4421
        4423
        4428
        4431
        4434
        4442
        4443
        4449
        4453
        4455
        4457
        4463
        4465
        4466
        4469
        4472
        4476
        4480
        4482
        4486
        4487
        4493
        4494
        4496
        4500
        4501
        4509
        4536
        4537
        4538
        4546
        4551
        4552
        4559
        4569
        4575
        4577
        4584
        4586
        4603
        4935
        4936
        4937
        4938
        4942
        4947
        4948
        4951
        4953
        4957
        4958
        4964
        4965
        4966
        4968
        4971
        4975
        4976
        4978
        4984
        4985
        4986
        4988
        4991
        4993
        4997
        5003
        5004
        5007
        5008
        5011
        5012
        5013
        5024
        5027
        5033
        5036
        5040
        5043
        5048
        5051
        5052
        5056
        5057
        5059
        5062
        5064
        5070
        5076
        5078
        5080
        5084
        5092
        5093
        5097
        5099
        5100
        5103
        5110
        5112
        5117
        5120
        5123
        5125
        5127
        5129
        5132
        5133
        5140
        5142
        5148
        5151
        5152
        5155
        5159
        5161
        5186
        5191
        5197
        5200
        5204
        5206
        5211
        5212
        5219
        5223
        5236
        5239
        5240
        5241
        5245
        5247
        5259
        5264
        5269
        5285
        5311
        5316
        5318
        5322
        5324
        5403
        5410
        5413
        5416
        5418
        5419
        5420
        5421
        5423
        5425
        5426
        5433
        5435
        5441
        5442
        5449
        5454
        5459
        5460
        5465
        5466
        5468
        5469
        5472
        5476
        5480
        5486
        5487
        5488
        5492
        5496
        5511
        5512
        5513
        5515
        5523
        5527
        5528
        5533
        5536
        5539
        5540
        5552
        5560
        5566
        5568
        5575
        5584
        5589
        5590
        5592
        5597
        5604
        5607
        5610
        5612
        5617
        5632
        5639
        5642
        5643
        5650
        5652
        5654
        5655
        5660
        5661
        5663
        5668
        5671
        5677
        5679
        5680
        5684
        5697
        5701
        5702
        5704
        5705
        5713
        5719
        5720
        5728
        5729
        5745
        5758
        5766
        5768
        5778
        6211
        6214
        6219
        6220
        6225
        6228
        6229
        6232
        6234
        6235
        6237
        6241
        6242
        6245
        6251
        6253
        6259
        6261
        6266
        6296
        6298
        6299
        6308
        6310
        6313
        6317
        6325
        6438
        6442
        6445
        6447
        6454
        6457
        6462
        6463
        6465
        6466
        6470
        6472
        6477
        6479
        6481
        6485
        6493
        6497
        6504
        6509
        6510
        6514
        6529
        6541
        6569
        6575
        6576
        6578
        6579
        6689
        6690
        6694
        6695
        6706
        6708
        6709
        6710
        6712
        6713
        6715
        6717
        6719
        6721
        6723
        6725
        6726
        6729
        6734
        6735
        6740
        6744
        6746
        6747
        6748
        6749
        6750
        6751
        6753
        6754
        6757
        6760
        6769
        6770
        6803
        6805
        6809
        6822
        6823
        6830
        6930
        6935
        6936
        6937
        6939
        6940
        6944
        6945
        6955
        6984
        6989
        7084
        7085
        7088
        7093
        7095
        7096
        7108
        7116
        7119
        7122
        7124
        7126
        7128
        7134
        7143
        7146
        7150
        7157
        7167
        7171
        7182
        7194
        7201
        7204
        7208
        7215
        7219
        7220
        7231
        7232
        7234
        7235
        7237
        7239
        7240
        7244
        7248
        7250
        7289
        7296
        7300
        7303
        7315
        7318
        7320
        7322
        7323
        7324
        7326
        7328
        7335
        7340
        7342
        7343
        7358
        7363
        7381
        7383
        7387
        7388
        7393
        7396
        7402
        7406
        7408
        7409
        7416
        7424
        7426
        7430
        7431
        7433
        7469
        7470
        7616
        7617
        7619
        7620
        7624
        7631
        7633
        7642
        7643
        7646
        7651
        7653
        7654
        7655
        7657
        7659
        7666
        7670
        7673
        7677
        7678
        7682
        7688
        7690
        7691
        7692
        7702
        7706
        7736
        7742
        7743
        7747
        7750
        7763
        7765
        7766
        7773
        7814
        7815
        7816
        7817
        7819
