                                             A ZAMS Stellar Model
                                             --------------------

                                             M    =     1.00000 solar
                                             L    =     0.85900 solar
                                             R    =     1.05991 solar
                                             Teff =  5402.00000 K
                                             X    =     0.70000
                                             Y    =     0.29200
                                             Z    =     0.00800



 zone      r         tau     1-M_r/Ms      L_r         T          P         rho        kap        eps    dlnPdlnT
    0  7.372E+08  0.000E+00  0.000E+00  3.298E+26  0.000E+00  0.000E+00  0.000E+00  0.000E+00  0.000E+00  r 99.9
    1  7.364E+08  1.356E-01  3.908E-14  3.298E+26  3.167E+03  6.818E-01  1.548E-08  2.376E+01  9.409-108  r  1.0
    2  7.364E+08  1.356E-01  1.087E-13  3.298E+26  8.562E+03  5.669E+00  4.290E-08  1.686E+00  2.147E-79  c  1.7
    3  7.357E+08  1.356E-01  1.890E-13  3.298E+26  1.397E+04  1.143E+01  1.041E-08  1.299E-01  2.378E-69  c  1.4
    4  7.350E+08  1.356E-01  3.413E-13  3.298E+26  1.939E+04  2.244E+01  9.552E-08  2.136E-01  3.560E-62  c  2.3
    5  7.342E+08  1.356E-01  5.700E-13  3.298E+26  2.210E+04  3.900E+01  2.492E-08  9.525E-02  9.292E-63  r 99.9
    6  7.335E+08  1.356E-01  8.575E-13  3.298E+26  2.210E+04  5.992E+01  3.604E-08  8.602E-02  2.662E-60  r 99.9
    7  7.328E+08  1.356E-01  8.834E-13  3.298E+26  2.210E+04  6.181E+01  7.299E-10  3.629E-02  5.390E-62  r 99.9
    8  7.320E+08  1.356E-01  8.991E-13  3.298E+26  2.210E+04  6.295E+01  1.023E-08  5.299E-02  7.554E-61  r 99.9
    9  7.313E+08  1.356E-01  9.323E-13  3.298E+26  2.210E+04  6.540E+01  1.781E-08  6.359E-02  1.315E-60  r 99.9
   10  7.305E+08  1.356E-01  9.932E-13  3.298E+26  2.210E+04  6.992E+01  3.328E-08  8.281E-02  2.457E-60  r 99.9
   11  7.298E+08  1.356E-01  1.107E-12  3.298E+26  2.210E+04  7.835E+01  6.195E-08  1.143E-01  4.575E-60  r 99.9
   12  7.291E+08  1.356E-01  1.318E-12  3.298E+26  2.210E+04  9.408E+01  1.155E-07  1.662E-01  8.532E-60  r 99.9
   13  7.283E+08  1.356E-01  1.711E-12  3.298E+26  2.210E+04  1.235E+02  2.156E-07  2.519E-01  1.594E-59  r 99.9
   14  7.276E+08  1.356E-01  2.444E-12  3.298E+26  2.210E+04  1.786E+02  4.029E-07  3.934E-01  2.984E-59  r 99.9
   15  7.269E+08  1.356E-01  3.812E-12  3.298E+26  2.210E+04  2.818E+02  7.539E-07  6.273E-01  5.616E-59  r 99.9
   16  7.261E+08  1.356E-01  6.367E-12  3.298E+26  2.211E+04  4.753E+02  1.411E-06  1.013E+00  1.070E-58  r 99.9
   17  7.254E+08  1.356E-01  1.114E-11  3.298E+26  2.214E+04  8.383E+02  2.641E-06  1.644E+00  2.109E-58  r 99.9
   18  7.246E+08  1.356E-01  2.004E-11  3.298E+26  2.223E+04  1.518E+03  4.928E-06  2.651E+00  4.600E-58  r 99.9
   19  7.239E+08  1.356E-01  3.653E-11  3.298E+26  2.248E+04  2.783E+03  9.092E-06  4.143E+00  1.328E-57  r 52.1
   20  7.232E+08  1.356E-01  6.649E-11  3.298E+26  2.313E+04  5.089E+03  1.630E-05  5.967E+00  7.340E-57  r 20.5
   21  7.224E+08  1.356E-01  1.187E-10  3.298E+26  2.447E+04  9.126E+03  2.773E-05  7.477E+00  1.114E-55  r 10.0
   22  7.217E+08  1.356E-01  2.044E-10  3.298E+26  2.654E+04  1.578E+04  4.421E-05  8.147E+00  3.925E-54  r  6.5
   23  7.210E+08  1.356E-01  3.368E-10  3.298E+26  2.911E+04  2.609E+04  6.662E-05  8.166E+00  1.784E-52  r  5.2
   24  7.202E+08  1.356E-01  5.313E-10  3.298E+26  3.194E+04  4.131E+04  9.612E-05  7.921E+00  6.849E-51  r  4.8
   25  7.195E+08  1.356E-01  8.063E-10  3.298E+26  3.489E+04  6.292E+04  1.340E-04  7.604E+00  1.950E-49  r  4.6
   26  7.187E+08  1.356E-01  1.183E-09  3.298E+26  3.790E+04  9.267E+04  1.817E-04  7.281E+00  4.101E-48  r  4.5
   27  7.180E+08  1.356E-01  1.687E-09  3.298E+26  4.094E+04  1.326E+05  2.407E-04  6.976E+00  6.553E-47  r  4.5
   28  7.173E+08  1.356E-01  2.346E-09  3.298E+26  4.400E+04  1.850E+05  3.126E-04  6.695E+00  8.230E-46  r  4.5
   29  7.165E+08  1.356E-01  3.193E-09  3.298E+26  4.708E+04  2.526E+05  3.990E-04  6.437E+00  8.385E-45  r  4.5
   30  7.158E+08  1.356E-01  4.262E-09  3.298E+26  5.016E+04  3.384E+05  5.017E-04  6.202E+00  7.122E-44  r  4.5
   31  7.151E+08  1.356E-01  5.595E-09  3.298E+26  5.326E+04  4.457E+05  6.225E-04  5.987E+00  5.162E-43  r  4.5
   32  7.143E+08  1.356E-01  7.235E-09  3.298E+26  5.636E+04  5.784E+05  7.633E-04  5.790E+00  3.255E-42  r  4.5
   33  7.136E+08  1.356E-01  9.232E-09  3.298E+26  5.947E+04  7.405E+05  9.263E-04  5.609E+00  1.815E-41  r  4.5
   34  7.129E+08  1.356E-01  1.164E-08  3.298E+26  6.258E+04  9.366E+05  1.113E-03  5.441E+00  9.073E-41  r  4.5
   35  7.121E+08  1.356E-01  1.451E-08  3.298E+26  6.571E+04  1.172E+06  1.327E-03  5.286E+00  4.115E-40  r  4.6
   36  7.114E+08  1.356E-01  1.791E-08  3.298E+26  6.884E+04  1.452E+06  1.569E-03  5.141E+00  1.710E-39  r  4.6
   37  7.106E+08  1.356E-01  2.191E-08  3.298E+26  7.197E+04  1.782E+06  1.842E-03  5.007E+00  6.568E-39  r  4.6
   38  7.099E+08  1.356E-01  2.658E-08  3.298E+26  7.512E+04  2.169E+06  2.149E-03  4.881E+00  2.349E-38  r  4.6
   39  7.092E+08  1.356E-01  3.200E-08  3.298E+26  7.827E+04  2.620E+06  2.492E-03  4.763E+00  7.875E-38  r  4.6
   40  7.084E+08  1.356E-01  3.826E-08  3.298E+26  8.143E+04  3.143E+06  2.873E-03  4.652E+00  2.488E-37  r  4.6
   41  7.077E+08  1.356E-01  4.543E-08  3.298E+26  8.460E+04  3.745E+06  3.296E-03  4.548E+00  7.449E-37  r  4.6
   42  7.070E+08  1.356E-01  5.363E-08  3.298E+26  8.777E+04  4.436E+06  3.763E-03  4.449E+00  2.122E-36  r  4.6
   43  7.062E+08  1.356E-01  6.295E-08  3.298E+26  9.095E+04  5.225E+06  4.277E-03  4.356E+00  5.772E-36  r  4.6
   44  7.055E+08  1.356E-01  7.349E-08  3.298E+26  9.414E+04  6.121E+06  4.841E-03  4.267E+00  1.505E-35  r  4.6
   45  7.047E+08  1.356E-01  8.538E-08  3.298E+26  9.733E+04  7.136E+06  5.459E-03  4.184E+00  3.775E-35  r  4.6
   46  7.040E+08  1.356E-01  9.873E-08  3.298E+26  1.005E+05  8.280E+06  6.133E-03  4.104E+00  9.127E-35  r  4.6
   47  7.033E+08  1.356E-01  1.137E-07  3.298E+26  1.037E+05  9.567E+06  6.867E-03  4.028E+00  2.133E-34  r  4.6
   48  7.025E+08  1.356E-01  1.303E-07  3.298E+26  1.070E+05  1.101E+07  7.664E-03  3.956E+00  4.832E-34  r  4.6
   49  7.018E+08  1.356E-01  1.489E-07  3.298E+26  1.102E+05  1.262E+07  8.528E-03  3.887E+00  1.062E-33  r  4.6
   50  7.011E+08  1.356E-01  1.694E-07  3.298E+26  1.134E+05  1.441E+07  9.461E-03  3.821E+00  2.272E-33  r  4.6
   51  7.003E+08  1.356E-01  1.922E-07  3.298E+26  1.166E+05  1.640E+07  1.047E-02  3.757E+00  4.735E-33  r  4.6
   52  6.996E+08  1.356E-01  2.172E-07  3.298E+26  1.199E+05  1.860E+07  1.155E-02  3.697E+00  9.631E-33  r  4.6
   53  6.988E+08  1.356E-01  2.448E-07  3.298E+26  1.231E+05  2.103E+07  1.272E-02  3.639E+00  1.914E-32  r  4.6
   54  6.981E+08  1.356E-01  2.750E-07  3.298E+26  1.264E+05  2.371E+07  1.397E-02  3.583E+00  3.724E-32  r  4.6
   55  6.974E+08  1.356E-01  3.081E-07  3.298E+26  1.297E+05  2.666E+07  1.532E-02  3.529E+00  7.096E-32  r  4.6
   56  6.966E+08  1.356E-01  3.443E-07  3.298E+26  1.329E+05  2.990E+07  1.675E-02  3.477E+00  1.326E-31  r  4.6
   57  6.959E+08  1.356E-01  3.838E-07  3.298E+26  1.362E+05  3.344E+07  1.829E-02  3.428E+00  2.435E-31  r  4.6
   58  6.952E+08  1.356E-01  4.267E-07  3.298E+26  1.395E+05  3.731E+07  1.992E-02  3.380E+00  4.391E-31  r  4.6
   59  6.944E+08  1.356E-01  4.733E-07  3.298E+26  1.428E+05  4.153E+07  2.167E-02  3.333E+00  7.792E-31  r  4.6
   60  6.937E+08  1.356E-01  5.239E-07  3.298E+26  1.461E+05  4.613E+07  2.352E-02  3.289E+00  1.361E-30  r  4.6
   61  6.929E+08  1.356E-01  5.786E-07  3.298E+26  1.494E+05  5.113E+07  2.550E-02  3.245E+00  2.342E-30  r  4.6
   62  6.922E+08  1.356E-01  6.378E-07  3.298E+26  1.527E+05  5.655E+07  2.759E-02  3.204E+00  3.975E-30  r  4.6
   63  6.915E+08  1.356E-01  7.016E-07  3.298E+26  1.560E+05  6.243E+07  2.981E-02  3.163E+00  6.653E-30  r  4.6
   64  6.907E+08  1.356E-01  7.703E-07  3.298E+26  1.594E+05  6.879E+07  3.216E-02  3.124E+00  1.100E-29  r  4.6
   65  6.900E+08  1.356E-01  8.443E-07  3.298E+26  1.627E+05  7.566E+07  3.465E-02  3.086E+00  1.795E-29  r  4.6
   66  6.893E+08  1.356E-01  9.237E-07  3.298E+26  1.661E+05  8.307E+07  3.727E-02  3.049E+00  2.895E-29  r  4.6
   67  6.885E+08  1.356E-01  1.009E-06  3.298E+26  1.694E+05  9.105E+07  4.005E-02  3.014E+00  4.619E-29  r  4.6
   68  6.878E+08  1.356E-01  1.100E-06  3.298E+26  1.728E+05  9.965E+07  4.298E-02  2.979E+00  7.288E-29  r  4.6
   69  6.870E+08  1.356E-01  1.198E-06  3.298E+26  1.761E+05  1.089E+08  4.607E-02  2.945E+00  1.138E-28  r  4.6
   70  6.863E+08  1.356E-01  1.303E-06  3.298E+26  1.795E+05  1.188E+08  4.932E-02  2.913E+00  1.760E-28  r  4.6
   71  6.856E+08  1.356E-01  1.414E-06  3.298E+26  1.829E+05  1.294E+08  5.274E-02  2.881E+00  2.696E-28  r  4.6
   72  6.848E+08  1.356E-01  1.533E-06  3.298E+26  1.863E+05  1.408E+08  5.633E-02  2.850E+00  4.092E-28  r  4.6
   73  6.841E+08  1.356E-01  1.660E-06  3.298E+26  1.897E+05  1.530E+08  6.011E-02  2.820E+00  6.157E-28  r  4.6
   74  6.834E+08  1.356E-01  1.795E-06  3.298E+26  1.931E+05  1.660E+08  6.408E-02  2.790E+00  9.186E-28  r  4.6
   75  6.826E+08  1.356E-01  1.938E-06  3.298E+26  1.965E+05  1.799E+08  6.824E-02  2.762E+00  1.359E-27  r  4.6
   76  6.819E+08  1.356E-01  2.090E-06  3.298E+26  1.999E+05  1.948E+08  7.260E-02  2.734E+00  1.996E-27  r  4.6
   77  6.812E+08  1.356E-01  2.252E-06  3.298E+26  2.034E+05  2.106E+08  7.718E-02  2.707E+00  2.908E-27  r  4.6
   78  6.804E+08  1.356E-01  2.423E-06  3.298E+26  2.068E+05  2.274E+08  8.196E-02  2.681E+00  4.207E-27  r  4.6
   79  6.797E+08  1.356E-01  2.605E-06  3.298E+26  2.102E+05  2.453E+08  8.697E-02  2.655E+00  6.043E-27  r  4.6
   80  6.789E+08  1.356E-01  2.797E-06  3.298E+26  2.137E+05  2.643E+08  9.220E-02  2.630E+00  8.622E-27  r  4.6
   81  6.782E+08  1.356E-01  3.000E-06  3.298E+26  2.171E+05  2.845E+08  9.768E-02  2.605E+00  1.222E-26  r  4.6
   82  6.775E+08  1.356E-01  3.214E-06  3.298E+26  2.206E+05  3.060E+08  1.034E-01  2.581E+00  1.721E-26  r  4.6
   83  6.767E+08  1.356E-01  3.441E-06  3.298E+26  2.241E+05  3.287E+08  1.094E-01  2.557E+00  2.410E-26  r  4.6
   84  6.760E+08  1.356E-01  3.680E-06  3.298E+26  2.276E+05  3.529E+08  1.156E-01  2.534E+00  3.353E-26  r  4.6
   85  6.753E+08  1.356E-01  3.932E-06  3.298E+26  2.311E+05  3.784E+08  1.221E-01  2.512E+00  4.640E-26  r  4.6
   86  6.745E+08  1.356E-01  4.198E-06  3.298E+26  2.346E+05  4.054E+08  1.288E-01  2.490E+00  6.385E-26  r  4.6
   87  6.738E+08  1.356E-01  4.477E-06  3.298E+26  2.381E+05  4.339E+08  1.359E-01  2.469E+00  8.739E-26  r  4.6
   88  6.730E+08  1.356E-01  4.771E-06  3.298E+26  2.416E+05  4.641E+08  1.432E-01  2.448E+00  1.190E-25  r  4.6
   89  6.723E+08  1.356E-01  5.080E-06  3.298E+26  2.451E+05  4.960E+08  1.508E-01  2.427E+00  1.612E-25  r  4.6
   90  6.716E+08  1.356E-01  5.405E-06  3.298E+26  2.486E+05  5.296E+08  1.588E-01  2.407E+00  2.173E-25  r  4.6
   91  6.708E+08  1.356E-01  5.746E-06  3.298E+26  2.522E+05  5.650E+08  1.670E-01  2.387E+00  2.915E-25  r  4.6
   92  6.701E+08  1.356E-01  6.104E-06  3.298E+26  2.557E+05  6.024E+08  1.756E-01  2.368E+00  3.894E-25  r  4.6
   93  6.694E+08  1.356E-01  6.479E-06  3.298E+26  2.593E+05  6.418E+08  1.845E-01  2.349E+00  5.177E-25  r  4.6
   94  6.686E+08  1.356E-01  6.872E-06  3.298E+26  2.628E+05  6.832E+08  1.938E-01  2.330E+00  6.853E-25  r  4.6
   95  6.679E+08  1.356E-01  7.284E-06  3.298E+26  2.664E+05  7.268E+08  2.034E-01  2.312E+00  9.033E-25  r  4.6
   96  6.671E+08  1.356E-01  7.716E-06  3.298E+26  2.700E+05  7.727E+08  2.134E-01  2.294E+00  1.186E-24  r  4.6
   97  6.664E+08  1.356E-01  8.167E-06  3.298E+26  2.736E+05  8.209E+08  2.237E-01  2.277E+00  1.551E-24  r  4.6
   98  6.657E+08  1.356E-01  8.639E-06  3.298E+26  2.772E+05  8.715E+08  2.344E-01  2.259E+00  2.020E-24  r  4.6
   99  6.649E+08  1.356E-01  9.133E-06  3.298E+26  2.808E+05  9.247E+08  2.455E-01  2.243E+00  2.621E-24  r  4.6
  100  6.642E+08  1.356E-01  9.649E-06  3.298E+26  2.844E+05  9.805E+08  2.571E-01  2.226E+00  3.388E-24  r  4.6
  101  6.635E+08  1.356E-01  1.019E-05  3.298E+26  2.880E+05  1.039E+09  2.690E-01  2.210E+00  4.364E-24  r  4.6
  102  6.627E+08  1.356E-01  1.075E-05  3.298E+26  2.916E+05  1.100E+09  2.813E-01  2.194E+00  5.602E-24  r  4.6
  103  6.620E+08  1.356E-01  1.134E-05  3.298E+26  2.953E+05  1.165E+09  2.941E-01  2.178E+00  7.167E-24  r  4.6
  104  6.612E+08  1.356E-01  1.195E-05  3.298E+26  2.989E+05  1.232E+09  3.073E-01  2.163E+00  9.138E-24  r  4.6
  105  6.605E+08  1.356E-01  1.258E-05  3.298E+26  3.026E+05  1.303E+09  3.210E-01  2.147E+00  1.161E-23  r  4.6
  106  6.598E+08  1.356E-01  1.325E-05  3.298E+26  3.062E+05  1.376E+09  3.351E-01  2.133E+00  1.472E-23  r  4.6
  107  6.590E+08  1.356E-01  1.394E-05  3.298E+26  3.099E+05  1.454E+09  3.498E-01  2.118E+00  1.859E-23  r  4.6
  108  6.583E+08  1.356E-01  1.466E-05  3.298E+26  3.136E+05  1.534E+09  3.649E-01  2.103E+00  2.341E-23  r  4.6
  109  6.576E+08  1.356E-01  1.541E-05  3.298E+26  3.173E+05  1.619E+09  3.805E-01  2.089E+00  2.939E-23  r  4.6
  110  6.568E+08  1.356E-01  1.619E-05  3.298E+26  3.210E+05  1.707E+09  3.966E-01  2.075E+00  3.679E-23  r  4.6
  111  6.561E+08  1.356E-01  1.700E-05  3.298E+26  3.247E+05  1.799E+09  4.132E-01  2.062E+00  4.594E-23  r  4.6
  112  6.554E+08  1.356E-01  1.784E-05  3.298E+26  3.284E+05  1.895E+09  4.304E-01  2.048E+00  5.720E-23  r  4.6
  113  6.546E+08  1.356E-01  1.872E-05  3.298E+26  3.321E+05  1.996E+09  4.481E-01  2.035E+00  7.103E-23  r  4.6
  114  6.539E+08  1.356E-01  1.963E-05  3.298E+26  3.358E+05  2.100E+09  4.664E-01  2.022E+00  8.798E-23  r  4.6
  115  6.531E+08  1.356E-01  2.057E-05  3.298E+26  3.396E+05  2.210E+09  4.853E-01  2.009E+00  1.087E-22  r  4.6
  116  6.524E+08  1.356E-01  2.155E-05  3.298E+26  3.433E+05  2.324E+09  5.047E-01  1.996E+00  1.340E-22  r  4.6
  117  6.517E+08  1.356E-01  2.257E-05  3.298E+26  3.471E+05  2.442E+09  5.248E-01  1.984E+00  1.647E-22  r  4.6
  118  6.509E+08  1.356E-01  2.362E-05  3.298E+26  3.508E+05  2.566E+09  5.455E-01  1.971E+00  2.020E-22  r  4.6
  119  6.502E+08  1.356E-01  2.472E-05  3.298E+26  3.546E+05  2.695E+09  5.668E-01  1.959E+00  2.471E-22  r  4.6
  120  6.495E+08  1.356E-01  2.585E-05  3.298E+26  3.584E+05  2.829E+09  5.887E-01  1.947E+00  3.017E-22  r  4.6
  121  6.487E+08  1.356E-01  2.703E-05  3.298E+26  3.622E+05  2.969E+09  6.113E-01  1.936E+00  3.675E-22  r  4.6
  122  6.480E+08  1.356E-01  2.824E-05  3.298E+26  3.660E+05  3.114E+09  6.346E-01  1.924E+00  4.467E-22  r  4.6
  123  6.472E+08  1.356E-01  2.950E-05  3.298E+26  3.698E+05  3.265E+09  6.585E-01  1.913E+00  5.418E-22  r  4.6
  124  6.465E+08  1.356E-01  3.081E-05  3.298E+26  3.736E+05  3.422E+09  6.832E-01  1.901E+00  6.558E-22  r  4.6
  125  6.458E+08  1.356E-01  3.216E-05  3.298E+26  3.774E+05  3.586E+09  7.086E-01  1.890E+00  7.921E-22  r  4.6
  126  6.450E+08  1.356E-01  3.355E-05  3.298E+26  3.813E+05  3.756E+09  7.347E-01  1.879E+00  9.549E-22  r  4.6
  127  6.443E+08  1.356E-01  3.500E-05  3.298E+26  3.851E+05  3.932E+09  7.615E-01  1.869E+00  1.149E-21  r  4.6
  128  6.436E+08  1.356E-01  3.649E-05  3.298E+26  3.889E+05  4.116E+09  7.892E-01  1.858E+00  1.379E-21  r  4.6
  129  6.428E+08  1.356E-01  3.804E-05  3.298E+26  3.928E+05  4.306E+09  8.176E-01  1.847E+00  1.653E-21  r  4.6
  130  6.421E+08  1.356E-01  3.963E-05  3.298E+26  3.967E+05  4.504E+09  8.468E-01  1.837E+00  1.978E-21  r  4.6
  131  6.413E+08  1.356E-01  4.128E-05  3.298E+26  4.006E+05  4.709E+09  8.768E-01  1.827E+00  2.362E-21  r  4.6
  132  6.406E+08  1.356E-01  4.298E-05  3.298E+26  4.044E+05  4.922E+09  9.076E-01  1.817E+00  2.815E-21  r  4.6
  133  6.399E+08  1.356E-01  4.474E-05  3.298E+26  4.083E+05  5.143E+09  9.393E-01  1.807E+00  3.350E-21  r  4.6
  134  6.391E+08  1.356E-01  4.656E-05  3.298E+26  4.123E+05  5.372E+09  9.719E-01  1.797E+00  3.980E-21  r  4.6
  135  6.384E+08  1.356E-01  4.843E-05  3.298E+26  4.162E+05  5.610E+09  1.005E+00  1.787E+00  4.720E-21  r  4.6
  136  6.377E+08  1.356E-01  5.037E-05  3.298E+26  4.201E+05  5.856E+09  1.040E+00  1.778E+00  5.588E-21  r  4.6
  137  6.369E+08  1.356E-01  5.236E-05  3.298E+26  4.240E+05  6.111E+09  1.075E+00  1.768E+00  6.605E-21  r  4.6
  138  6.362E+08  1.356E-01  5.442E-05  3.298E+26  4.280E+05  6.376E+09  1.111E+00  1.759E+00  7.795E-21  r  4.6
  139  6.354E+08  1.356E-01  5.654E-05  3.298E+26  4.319E+05  6.650E+09  1.148E+00  1.750E+00  9.186E-21  r  4.6
  140  6.347E+08  1.356E-01  5.873E-05  3.298E+26  4.359E+05  6.934E+09  1.186E+00  1.741E+00  1.081E-20  r  4.6
  141  6.340E+08  1.356E-01  6.098E-05  3.298E+26  4.399E+05  7.227E+09  1.226E+00  1.732E+00  1.270E-20  r  4.6
  142  6.332E+08  1.356E-01  6.331E-05  3.298E+26  4.439E+05  7.532E+09  1.266E+00  1.723E+00  1.489E-20  r  4.6
  143  6.325E+08  1.356E-01  6.570E-05  3.298E+26  4.478E+05  7.847E+09  1.307E+00  1.714E+00  1.745E-20  r  4.6
  144  6.318E+08  1.356E-01  6.816E-05  3.298E+26  4.518E+05  8.173E+09  1.349E+00  1.705E+00  2.041E-20  r  4.6
  145  6.310E+08  1.356E-01  7.070E-05  3.298E+26  4.559E+05  8.510E+09  1.392E+00  1.697E+00  2.383E-20  r  4.6
  146  6.303E+08  1.356E-01  7.332E-05  3.298E+26  4.599E+05  8.859E+09  1.437E+00  1.688E+00  2.780E-20  r  4.6
  147  6.295E+08  1.356E-01  7.601E-05  3.298E+26  4.639E+05  9.219E+09  1.482E+00  1.680E+00  3.239E-20  r  4.6
  148  6.288E+08  1.356E-01  7.878E-05  3.298E+26  4.679E+05  9.592E+09  1.529E+00  1.672E+00  3.768E-20  r  4.6
  149  6.281E+08  1.356E-01  8.163E-05  3.298E+26  4.720E+05  9.978E+09  1.577E+00  1.663E+00  4.377E-20  r  4.6
  150  6.273E+08  1.356E-01  8.456E-05  3.298E+26  4.761E+05  1.038E+10  1.626E+00  1.655E+00  5.079E-20  r  4.6
  151  6.266E+08  1.356E-01  8.757E-05  3.298E+26  4.801E+05  1.079E+10  1.676E+00  1.647E+00  5.886E-20  r  4.6
  152  6.259E+08  1.356E-01  9.067E-05  3.298E+26  4.842E+05  1.121E+10  1.728E+00  1.639E+00  6.813E-20  r  4.6
  153  6.251E+08  1.356E-01  9.386E-05  3.298E+26  4.883E+05  1.165E+10  1.780E+00  1.632E+00  7.876E-20  r  4.6
  154  6.244E+08  1.356E-01  9.714E-05  3.298E+26  4.924E+05  1.211E+10  1.834E+00  1.624E+00  9.093E-20  r  4.6
  155  6.237E+08  1.356E-01  1.005E-04  3.298E+26  4.965E+05  1.258E+10  1.889E+00  1.616E+00  1.049E-19  r  4.6
  156  6.229E+08  1.356E-01  1.040E-04  3.298E+26  5.006E+05  1.306E+10  1.946E+00  1.609E+00  1.208E-19  r  4.6
  157  6.222E+08  1.356E-01  1.075E-04  3.298E+26  5.047E+05  1.356E+10  2.004E+00  1.601E+00  1.390E-19  r  4.6
  158  6.214E+08  1.356E-01  1.112E-04  3.298E+26  5.089E+05  1.408E+10  2.063E+00  1.594E+00  1.598E-19  r  4.6
  159  6.207E+08  1.356E-01  1.149E-04  3.298E+26  5.130E+05  1.461E+10  2.124E+00  1.587E+00  1.834E-19  r  4.6
  160  6.200E+08  1.356E-01  1.188E-04  3.298E+26  5.172E+05  1.516E+10  2.186E+00  1.579E+00  2.103E-19  r  4.6
  161  6.192E+08  1.356E-01  1.227E-04  3.298E+26  5.214E+05  1.572E+10  2.250E+00  1.572E+00  2.410E-19  r  4.6
  162  6.185E+08  1.356E-01  1.268E-04  3.298E+26  5.255E+05  1.631E+10  2.315E+00  1.565E+00  2.757E-19  r  4.6
  163  6.178E+08  1.356E-01  1.310E-04  3.298E+26  5.297E+05  1.691E+10  2.381E+00  1.558E+00  3.152E-19  r  4.6
  164  6.170E+08  1.356E-01  1.352E-04  3.298E+26  5.339E+05  1.753E+10  2.450E+00  1.551E+00  3.600E-19  r  4.6
  165  6.163E+08  1.356E-01  1.396E-04  3.298E+26  5.381E+05  1.817E+10  2.519E+00  1.544E+00  4.107E-19  r  4.6
  166  6.155E+08  1.356E-01  1.441E-04  3.298E+26  5.424E+05  1.883E+10  2.590E+00  1.537E+00  4.681E-19  r  4.6
  167  6.148E+08  1.356E-01  1.488E-04  3.298E+26  5.466E+05  1.951E+10  2.663E+00  1.531E+00  5.330E-19  r  4.6
  168  6.141E+08  1.356E-01  1.535E-04  3.298E+26  5.508E+05  2.022E+10  2.738E+00  1.524E+00  6.063E-19  r  4.6
  169  6.133E+08  1.356E-01  1.583E-04  3.298E+26  5.551E+05  2.094E+10  2.814E+00  1.517E+00  6.890E-19  r  4.6
  170  6.126E+08  1.356E-01  1.633E-04  3.298E+26  5.593E+05  2.168E+10  2.892E+00  1.511E+00  7.823E-19  r  4.6
  171  6.119E+08  1.356E-01  1.684E-04  3.298E+26  5.636E+05  2.245E+10  2.972E+00  1.504E+00  8.874E-19  r  4.6
  172  6.111E+08  1.356E-01  1.737E-04  3.298E+26  5.679E+05  2.324E+10  3.053E+00  1.498E+00  1.006E-18  r  4.6
  173  6.104E+08  1.356E-01  1.790E-04  3.298E+26  5.722E+05  2.405E+10  3.136E+00  1.492E+00  1.139E-18  r  4.6
  174  6.096E+08  1.356E-01  1.845E-04  3.298E+26  5.765E+05  2.489E+10  3.221E+00  1.485E+00  1.288E-18  r  4.6
  175  6.089E+08  1.356E-01  1.902E-04  3.298E+26  5.808E+05  2.575E+10  3.308E+00  1.479E+00  1.456E-18  r  4.6
  176  6.082E+08  1.356E-01  1.959E-04  3.298E+26  5.851E+05  2.664E+10  3.397E+00  1.473E+00  1.644E-18  r  4.6
  177  6.074E+08  1.356E-01  2.018E-04  3.298E+26  5.895E+05  2.756E+10  3.487E+00  1.467E+00  1.856E-18  r  4.6
  178  6.067E+08  1.356E-01  2.079E-04  3.298E+26  5.938E+05  2.850E+10  3.580E+00  1.461E+00  2.092E-18  r  4.6
  179  6.060E+08  1.356E-01  2.141E-04  3.298E+26  5.982E+05  2.946E+10  3.675E+00  1.455E+00  2.357E-18  r  4.6
  180  6.052E+08  1.356E-01  2.204E-04  3.298E+26  6.025E+05  3.046E+10  3.771E+00  1.449E+00  2.653E-18  r  4.6
  181  6.045E+08  1.356E-01  2.269E-04  3.298E+26  6.069E+05  3.148E+10  3.870E+00  1.443E+00  2.984E-18  r  4.6
  182  6.037E+08  1.356E-01  2.336E-04  3.298E+26  6.113E+05  3.254E+10  3.971E+00  1.437E+00  3.353E-18  r  4.6
  183  6.030E+08  1.356E-01  2.404E-04  3.298E+26  6.157E+05  3.362E+10  4.074E+00  1.431E+00  3.766E-18  r  4.6
  184  6.023E+08  1.356E-01  2.473E-04  3.298E+26  6.201E+05  3.473E+10  4.179E+00  1.426E+00  4.225E-18  r  4.6
  185  6.015E+08  1.356E-01  2.544E-04  3.298E+26  6.245E+05  3.588E+10  4.286E+00  1.420E+00  4.738E-18  r  4.6
  186  6.008E+08  1.356E-01  2.617E-04  3.298E+26  6.290E+05  3.706E+10  4.396E+00  1.414E+00  5.308E-18  r  4.6
  187  6.001E+08  1.356E-01  2.692E-04  3.298E+26  6.334E+05  3.827E+10  4.507E+00  1.409E+00  5.943E-18  r  4.6
  188  5.993E+08  1.356E-01  2.768E-04  3.298E+26  6.379E+05  3.951E+10  4.621E+00  1.403E+00  6.649E-18  r  4.6
  189  5.986E+08  1.356E-01  2.846E-04  3.298E+26  6.423E+05  4.079E+10  4.738E+00  1.398E+00  7.433E-18  r  4.6
  190  5.979E+08  1.356E-01  2.926E-04  3.298E+26  6.468E+05  4.211E+10  4.857E+00  1.392E+00  8.305E-18  r  4.6
  191  5.971E+08  1.356E-01  3.007E-04  3.298E+26  6.513E+05  4.346E+10  4.978E+00  1.387E+00  9.271E-18  r  4.6
  192  5.964E+08  1.356E-01  3.091E-04  3.298E+26  6.558E+05  4.484E+10  5.102E+00  1.382E+00  1.034E-17  r  4.6
  193  5.956E+08  1.356E-01  3.176E-04  3.298E+26  6.603E+05  4.627E+10  5.228E+00  1.376E+00  1.153E-17  r  4.6
  194  5.949E+08  1.356E-01  3.263E-04  3.298E+26  6.648E+05  4.773E+10  5.357E+00  1.371E+00  1.285E-17  r  4.6
  195  5.942E+08  1.356E-01  3.352E-04  3.298E+26  6.694E+05  4.924E+10  5.488E+00  1.366E+00  1.430E-17  r  4.6
  196  5.934E+08  1.356E-01  3.443E-04  3.298E+26  6.739E+05  5.078E+10  5.622E+00  1.361E+00  1.592E-17  r  4.6
  197  5.927E+08  1.356E-01  3.536E-04  3.298E+26  6.785E+05  5.237E+10  5.759E+00  1.356E+00  1.770E-17  r  4.6
  198  5.920E+08  1.356E-01  3.631E-04  3.298E+26  6.830E+05  5.400E+10  5.898E+00  1.350E+00  1.967E-17  r  4.6
  199  5.912E+08  1.356E-01  3.728E-04  3.298E+26  6.876E+05  5.567E+10  6.041E+00  1.345E+00  2.184E-17  r  4.6
  200  5.905E+08  1.356E-01  3.827E-04  3.298E+26  6.922E+05  5.739E+10  6.186E+00  1.340E+00  2.424E-17  r  4.6
  201  5.897E+08  1.356E-01  3.929E-04  3.298E+26  6.968E+05  5.915E+10  6.334E+00  1.336E+00  2.689E-17  r  4.6
  202  5.890E+08  1.356E-01  4.032E-04  3.298E+26  7.014E+05  6.096E+10  6.484E+00  1.331E+00  2.980E-17  r  4.6
  203  5.883E+08  1.356E-01  4.138E-04  3.298E+26  7.060E+05  6.282E+10  6.638E+00  1.326E+00  3.302E-17  r  4.6
  204  5.875E+08  1.356E-01  4.245E-04  3.298E+26  7.107E+05  6.472E+10  6.795E+00  1.321E+00  3.655E-17  r  4.6
  205  5.868E+08  1.356E-01  4.356E-04  3.298E+26  7.153E+05  6.668E+10  6.955E+00  1.316E+00  4.045E-17  r  4.6
  206  5.861E+08  1.356E-01  4.468E-04  3.298E+26  7.200E+05  6.868E+10  7.117E+00  1.311E+00  4.473E-17  r  4.6
  207  5.853E+08  1.356E-01  4.583E-04  3.298E+26  7.247E+05  7.074E+10  7.283E+00  1.307E+00  4.944E-17  r  4.6
  208  5.846E+08  1.356E-01  4.700E-04  3.298E+26  7.294E+05  7.285E+10  7.453E+00  1.302E+00  5.461E-17  r  4.6
  209  5.838E+08  1.356E-01  4.819E-04  3.298E+26  7.341E+05  7.502E+10  7.625E+00  1.297E+00  6.029E-17  r  4.6
  210  5.831E+08  1.356E-01  4.941E-04  3.298E+26  7.388E+05  7.724E+10  7.801E+00  1.293E+00  6.652E-17  r  4.6
  211  5.824E+08  1.356E-01  5.066E-04  3.298E+26  7.435E+05  7.952E+10  7.980E+00  1.288E+00  7.336E-17  r  4.6
  212  5.816E+08  1.356E-01  5.193E-04  3.298E+26  7.482E+05  8.185E+10  8.162E+00  1.284E+00  8.086E-17  r  4.6
  213  5.809E+08  1.356E-01  5.322E-04  3.298E+26  7.530E+05  8.425E+10  8.348E+00  1.279E+00  8.908E-17  r  4.6
  214  5.802E+08  1.356E-01  5.455E-04  3.298E+26  7.577E+05  8.671E+10  8.538E+00  1.275E+00  9.808E-17  r  4.6
  215  5.794E+08  1.356E-01  5.589E-04  3.298E+26  7.625E+05  8.922E+10  8.731E+00  1.270E+00  1.079E-16  r  4.6
  216  5.787E+08  1.356E-01  5.727E-04  3.298E+26  7.673E+05  9.180E+10  8.927E+00  1.266E+00  1.187E-16  r  4.6
  217  5.779E+08  1.356E-01  5.867E-04  3.298E+26  7.721E+05  9.445E+10  9.128E+00  1.261E+00  1.305E-16  r  4.6
  218  5.772E+08  1.356E-01  6.010E-04  3.298E+26  7.769E+05  9.716E+10  9.332E+00  1.257E+00  1.434E-16  r  4.6
  219  5.765E+08  1.356E-01  6.156E-04  3.298E+26  7.817E+05  9.994E+10  9.540E+00  1.253E+00  1.575E-16  r  4.6
  220  5.757E+08  1.356E-01  6.305E-04  3.298E+26  7.866E+05  1.028E+11  9.751E+00  1.248E+00  1.729E-16  r  4.6
  221  5.750E+08  1.356E-01  6.456E-04  3.298E+26  7.914E+05  1.057E+11  9.967E+00  1.244E+00  1.897E-16  r  4.6
  222  5.743E+08  1.356E-01  6.611E-04  3.298E+26  7.963E+05  1.087E+11  1.019E+01  1.240E+00  2.080E-16  r  4.6
  223  5.735E+08  1.356E-01  6.768E-04  3.298E+26  8.011E+05  1.118E+11  1.041E+01  1.236E+00  2.280E-16  r  4.6
  224  5.728E+08  1.356E-01  6.929E-04  3.298E+26  8.060E+05  1.149E+11  1.064E+01  1.232E+00  2.498E-16  r  4.6
  225  5.721E+08  1.356E-01  7.093E-04  3.298E+26  8.109E+05  1.181E+11  1.087E+01  1.228E+00  2.735E-16  r  4.6
  226  5.713E+08  1.356E-01  7.259E-04  3.298E+26  8.158E+05  1.214E+11  1.111E+01  1.223E+00  2.994E-16  r  4.6
  227  5.706E+08  1.356E-01  7.429E-04  3.298E+26  8.207E+05  1.248E+11  1.135E+01  1.219E+00  3.276E-16  r  4.6
  228  5.698E+08  1.356E-01  7.603E-04  3.298E+26  8.257E+05  1.283E+11  1.159E+01  1.215E+00  3.583E-16  r  4.6
  229  5.691E+08  1.356E-01  7.779E-04  3.298E+26  8.306E+05  1.318E+11  1.184E+01  1.211E+00  3.916E-16  r  4.6
  230  5.684E+08  1.356E-01  7.959E-04  3.298E+26  8.356E+05  1.354E+11  1.209E+01  1.207E+00  4.279E-16  r  4.6
  231  5.676E+08  1.356E-01  8.142E-04  3.298E+26  8.406E+05  1.391E+11  1.235E+01  1.203E+00  4.673E-16  r  4.6
  232  5.669E+08  1.356E-01  8.329E-04  3.298E+26  8.456E+05  1.429E+11  1.261E+01  1.200E+00  5.102E-16  r  4.6
  233  5.662E+08  1.356E-01  8.519E-04  3.298E+26  8.506E+05  1.468E+11  1.288E+01  1.196E+00  5.567E-16  r  4.6
  234  5.654E+08  1.356E-01  8.712E-04  3.298E+26  8.556E+05  1.508E+11  1.315E+01  1.192E+00  6.073E-16  r  4.6
  235  5.647E+08  1.356E-01  8.909E-04  3.298E+26  8.606E+05  1.549E+11  1.343E+01  1.188E+00  6.621E-16  r  4.6
  236  5.639E+08  1.356E-01  9.110E-04  3.298E+26  8.656E+05  1.591E+11  1.371E+01  1.184E+00  7.216E-16  r  4.6
  237  5.632E+08  1.356E-01  9.314E-04  3.298E+26  8.707E+05  1.634E+11  1.400E+01  1.180E+00  7.862E-16  r  4.6
  238  5.625E+08  1.356E-01  9.523E-04  3.298E+26  8.758E+05  1.677E+11  1.429E+01  1.177E+00  8.561E-16  r  4.6
  239  5.617E+08  1.356E-01  9.734E-04  3.298E+26  8.808E+05  1.722E+11  1.459E+01  1.173E+00  9.319E-16  r  4.6
  240  5.610E+08  1.356E-01  9.950E-04  3.298E+26  8.859E+05  1.768E+11  1.489E+01  1.169E+00  1.014E-15  r  4.6
  241  5.603E+08  1.356E-01  1.017E-03  3.298E+26  8.910E+05  1.815E+11  1.520E+01  1.165E+00  1.103E-15  r  4.6
  242  5.595E+08  1.356E-01  1.039E-03  3.298E+26  8.962E+05  1.863E+11  1.551E+01  1.162E+00  1.199E-15  r  4.6
  243  5.588E+08  1.356E-01  1.062E-03  3.298E+26  9.013E+05  1.912E+11  1.583E+01  1.158E+00  1.303E-15  r  4.6
  244  5.580E+08  1.356E-01  1.085E-03  3.298E+26  9.064E+05  1.962E+11  1.615E+01  1.154E+00  1.416E-15  r  4.6
  245  5.573E+08  1.356E-01  1.109E-03  3.298E+26  9.116E+05  2.014E+11  1.648E+01  1.151E+00  1.538E-15  r  4.6
  246  5.566E+08  1.356E-01  1.133E-03  3.298E+26  9.168E+05  2.066E+11  1.682E+01  1.147E+00  1.669E-15  r  4.6
  247  5.558E+08  1.356E-01  1.157E-03  3.298E+26  9.220E+05  2.120E+11  1.716E+01  1.144E+00  1.812E-15  r  4.6
  248  5.551E+08  1.356E-01  1.182E-03  3.298E+26  9.272E+05  2.175E+11  1.751E+01  1.140E+00  1.965E-15  r  4.6
  249  5.544E+08  1.356E-01  1.207E-03  3.298E+26  9.324E+05  2.231E+11  1.786E+01  1.137E+00  2.131E-15  r  4.6
  250  5.536E+08  1.356E-01  1.233E-03  3.298E+26  9.376E+05  2.289E+11  1.822E+01  1.133E+00  2.311E-15  r  4.6
  251  5.529E+08  1.356E-01  1.259E-03  3.298E+26  9.429E+05  2.348E+11  1.858E+01  1.130E+00  2.504E-15  r  4.6
  252  5.521E+08  1.356E-01  1.286E-03  3.298E+26  9.481E+05  2.408E+11  1.895E+01  1.126E+00  2.712E-15  r  4.6
  253  5.514E+08  1.356E-01  1.313E-03  3.298E+26  9.534E+05  2.470E+11  1.933E+01  1.123E+00  2.937E-15  r  4.6
  254  5.507E+08  1.356E-01  1.340E-03  3.298E+26  9.587E+05  2.533E+11  1.971E+01  1.119E+00  3.180E-15  r  4.6
  255  5.499E+08  1.356E-01  1.368E-03  3.298E+26  9.640E+05  2.597E+11  2.010E+01  1.116E+00  3.441E-15  r  4.6
  256  5.492E+08  1.356E-01  1.397E-03  3.298E+26  9.693E+05  2.663E+11  2.050E+01  1.113E+00  3.722E-15  r  4.6
  257  5.485E+08  1.356E-01  1.426E-03  3.298E+26  9.747E+05  2.730E+11  2.090E+01  1.109E+00  4.026E-15  r  4.6
  258  5.477E+08  1.356E-01  1.455E-03  3.298E+26  9.800E+05  2.799E+11  2.131E+01  1.106E+00  4.352E-15  r  4.6
  259  5.470E+08  1.356E-01  1.485E-03  3.298E+26  9.854E+05  2.869E+11  2.173E+01  1.103E+00  4.703E-15  r  4.6
  260  5.462E+08  1.356E-01  1.516E-03  3.298E+26  9.908E+05  2.941E+11  2.215E+01  1.099E+00  5.081E-15  r  4.6
  261  5.455E+08  1.356E-01  1.547E-03  3.298E+26  9.961E+05  3.015E+11  2.259E+01  1.096E+00  5.488E-15  r  4.6
  262  5.448E+08  1.356E-01  1.578E-03  3.298E+26  1.002E+06  3.090E+11  2.302E+01  1.093E+00  5.926E-15  r  4.5
  263  5.440E+08  1.356E-01  1.610E-03  3.298E+26  1.007E+06  3.167E+11  2.347E+01  1.090E+00  6.396E-15  r  4.5
  264  5.433E+08  1.356E-01  1.643E-03  3.298E+26  1.012E+06  3.245E+11  2.392E+01  1.087E+00  6.901E-15  r  4.5
  265  5.426E+08  1.356E-01  1.676E-03  3.298E+26  1.018E+06  3.326E+11  2.438E+01  1.083E+00  7.444E-15  r  4.5
  266  5.418E+08  1.356E-01  1.709E-03  3.298E+26  1.023E+06  3.408E+11  2.485E+01  1.080E+00  8.027E-15  r  4.5
  267  5.411E+08  1.356E-01  1.744E-03  3.298E+26  1.029E+06  3.492E+11  2.533E+01  1.077E+00  8.654E-15  r  4.5
  268  5.404E+08  1.356E-01  1.778E-03  3.298E+26  1.034E+06  3.577E+11  2.581E+01  1.074E+00  9.326E-15  r  4.5
  269  5.396E+08  1.356E-01  1.814E-03  3.298E+26  1.040E+06  3.665E+11  2.630E+01  1.071E+00  1.005E-14  r  4.5
  270  5.389E+08  1.356E-01  1.849E-03  3.298E+26  1.045E+06  3.754E+11  2.680E+01  1.068E+00  1.082E-14  r  4.5
  271  5.381E+08  1.356E-01  1.886E-03  3.298E+26  1.051E+06  3.846E+11  2.731E+01  1.065E+00  1.165E-14  r  4.5
  272  5.374E+08  1.356E-01  1.923E-03  3.298E+26  1.056E+06  3.939E+11  2.782E+01  1.062E+00  1.254E-14  r  4.5
  273  5.367E+08  1.356E-01  1.960E-03  3.298E+26  1.062E+06  4.034E+11  2.835E+01  1.059E+00  1.350E-14  r  4.5
  274  5.359E+08  1.356E-01  1.999E-03  3.298E+26  1.068E+06  4.132E+11  2.888E+01  1.056E+00  1.452E-14  r  4.5
  275  5.352E+08  1.356E-01  2.038E-03  3.298E+26  1.073E+06  4.231E+11  2.942E+01  1.053E+00  1.562E-14  r  4.5
  276  5.345E+08  1.356E-01  2.077E-03  3.298E+26  1.079E+06  4.333E+11  2.997E+01  1.050E+00  1.679E-14  r  4.5
  277  5.337E+08  1.356E-01  2.117E-03  3.298E+26  1.084E+06  4.437E+11  3.053E+01  1.047E+00  1.805E-14  r  4.5
  278  5.330E+08  1.356E-01  2.158E-03  3.298E+26  1.090E+06  4.543E+11  3.110E+01  1.044E+00  1.940E-14  r  4.5
  279  5.322E+08  1.356E-01  2.199E-03  3.298E+26  1.096E+06  4.651E+11  3.168E+01  1.041E+00  2.084E-14  r  4.5
  280  5.315E+08  1.356E-01  2.241E-03  3.298E+26  1.101E+06  4.762E+11  3.226E+01  1.038E+00  2.238E-14  r  4.5
  281  5.308E+08  1.356E-01  2.284E-03  3.298E+26  1.107E+06  4.875E+11  3.286E+01  1.035E+00  2.403E-14  r  4.5
  282  5.300E+08  1.356E-01  2.327E-03  3.298E+26  1.113E+06  4.990E+11  3.346E+01  1.032E+00  2.580E-14  r  4.5
  283  5.293E+08  1.356E-01  2.371E-03  3.298E+26  1.119E+06  5.108E+11  3.408E+01  1.029E+00  2.768E-14  r  4.5
  284  5.286E+08  1.356E-01  2.416E-03  3.298E+26  1.124E+06  5.228E+11  3.470E+01  1.026E+00  2.970E-14  r  4.5
  285  5.278E+08  1.356E-01  2.461E-03  3.298E+26  1.130E+06  5.351E+11  3.534E+01  1.023E+00  3.186E-14  r  4.5
  286  5.271E+08  1.356E-01  2.507E-03  3.298E+26  1.136E+06  5.477E+11  3.598E+01  1.021E+00  3.417E-14  r  4.5
  287  5.263E+08  1.356E-01  2.554E-03  3.298E+26  1.142E+06  5.605E+11  3.664E+01  1.018E+00  3.663E-14  r  4.5
  288  5.256E+08  1.356E-01  2.601E-03  3.298E+26  1.147E+06  5.735E+11  3.730E+01  1.015E+00  3.926E-14  r  4.5
  289  5.249E+08  1.356E-01  2.650E-03  3.298E+26  1.153E+06  5.869E+11  3.798E+01  1.012E+00  4.207E-14  r  4.5
  290  5.241E+08  1.356E-01  2.699E-03  3.298E+26  1.159E+06  6.005E+11  3.866E+01  1.009E+00  4.507E-14  r  4.5
  291  5.234E+08  1.356E-01  2.748E-03  3.298E+26  1.165E+06  6.144E+11  3.936E+01  1.007E+00  4.827E-14  r  4.5
  292  5.227E+08  1.356E-01  2.799E-03  3.298E+26  1.171E+06  6.286E+11  4.007E+01  1.004E+00  5.168E-14  r  4.5
  293  5.219E+08  1.356E-01  2.850E-03  3.298E+26  1.177E+06  6.431E+11  4.079E+01  1.001E+00  5.532E-14  r  4.5
  294  5.212E+08  1.356E-01  2.902E-03  3.298E+26  1.183E+06  6.580E+11  4.152E+01  9.985E-01  5.921E-14  r  4.5
  295  5.204E+08  1.356E-01  2.955E-03  3.298E+26  1.189E+06  6.731E+11  4.226E+01  9.958E-01  6.335E-14  r  4.5
  296  5.197E+08  1.356E-01  3.008E-03  3.298E+26  1.195E+06  6.885E+11  4.301E+01  9.931E-01  6.777E-14  r  4.5
  297  5.190E+08  1.356E-01  3.063E-03  3.298E+26  1.201E+06  7.042E+11  4.378E+01  9.904E-01  7.248E-14  r  4.5
  298  5.182E+08  1.356E-01  3.118E-03  3.298E+26  1.206E+06  7.203E+11  4.455E+01  9.878E-01  7.750E-14  r  4.5
  299  5.175E+08  1.356E-01  3.174E-03  3.298E+26  1.212E+06  7.367E+11  4.534E+01  9.851E-01  8.285E-14  r  4.5
  300  5.168E+08  1.356E-01  3.231E-03  3.298E+26  1.218E+06  7.534E+11  4.614E+01  9.825E-01  8.854E-14  r  4.5
  301  5.160E+08  1.356E-01  3.288E-03  3.298E+26  1.225E+06  7.705E+11  4.696E+01  9.799E-01  9.461E-14  r  4.5
  302  5.153E+08  1.356E-01  3.347E-03  3.298E+26  1.231E+06  7.879E+11  4.778E+01  9.773E-01  1.011E-13  r  4.5
  303  5.146E+08  1.356E-01  3.406E-03  3.298E+26  1.237E+06  8.057E+11  4.862E+01  9.747E-01  1.079E-13  r  4.5
  304  5.138E+08  1.356E-01  3.466E-03  3.298E+26  1.243E+06  8.238E+11  4.947E+01  9.721E-01  1.153E-13  r  4.5
  305  5.131E+08  1.356E-01  3.527E-03  3.298E+26  1.249E+06  8.423E+11  5.034E+01  9.695E-01  1.231E-13  r  4.5
  306  5.123E+08  1.356E-01  3.589E-03  3.298E+26  1.255E+06  8.612E+11  5.122E+01  9.670E-01  1.313E-13  r  4.5
  307  5.116E+08  1.356E-01  3.652E-03  3.298E+26  1.261E+06  8.805E+11  5.211E+01  9.644E-01  1.402E-13  r  4.5
  308  5.109E+08  1.356E-01  3.716E-03  3.298E+26  1.267E+06  9.002E+11  5.301E+01  9.619E-01  1.495E-13  r  4.5
  309  5.101E+08  1.356E-01  3.781E-03  3.298E+26  1.273E+06  9.202E+11  5.393E+01  9.594E-01  1.595E-13  r  4.5
  310  5.094E+08  1.356E-01  3.846E-03  3.298E+26  1.280E+06  9.407E+11  5.487E+01  9.569E-01  1.701E-13  r  4.5
  311  5.087E+08  1.356E-01  3.913E-03  3.298E+26  1.286E+06  9.616E+11  5.581E+01  9.544E-01  1.814E-13  r  4.5
  312  5.079E+08  1.356E-01  3.981E-03  3.298E+26  1.292E+06  9.829E+11  5.678E+01  9.519E-01  1.933E-13  r  4.5
  313  5.072E+08  1.356E-01  4.049E-03  3.298E+26  1.298E+06  1.005E+12  5.775E+01  9.494E-01  2.060E-13  r  4.5
  314  5.064E+08  1.356E-01  4.119E-03  3.298E+26  1.304E+06  1.027E+12  5.874E+01  9.470E-01  2.196E-13  r  4.5
  315  5.057E+08  1.356E-01  4.189E-03  3.298E+26  1.311E+06  1.049E+12  5.975E+01  9.445E-01  2.339E-13  r  4.5
  316  5.050E+08  1.356E-01  4.260E-03  3.298E+26  1.317E+06  1.072E+12  6.077E+01  9.421E-01  2.491E-13  r  4.5
  317  5.042E+08  1.356E-01  4.333E-03  3.298E+26  1.323E+06  1.096E+12  6.181E+01  9.397E-01  2.653E-13  r  4.5
  318  5.035E+08  1.356E-01  4.406E-03  3.298E+26  1.330E+06  1.120E+12  6.286E+01  9.373E-01  2.825E-13  r  4.5
  319  5.028E+08  1.356E-01  4.481E-03  3.298E+26  1.336E+06  1.144E+12  6.393E+01  9.349E-01  3.007E-13  r  4.5
  320  5.020E+08  1.356E-01  4.556E-03  3.298E+26  1.342E+06  1.169E+12  6.501E+01  9.325E-01  3.201E-13  r  4.5
  321  5.013E+08  1.356E-01  4.633E-03  3.298E+26  1.349E+06  1.195E+12  6.611E+01  9.301E-01  3.406E-13  r  4.5
  322  5.005E+08  1.356E-01  4.711E-03  3.298E+26  1.355E+06  1.221E+12  6.723E+01  9.277E-01  3.623E-13  r  4.5
  323  4.998E+08  1.356E-01  4.790E-03  3.298E+26  1.362E+06  1.247E+12  6.836E+01  9.254E-01  3.854E-13  r  4.5
  324  4.991E+08  1.356E-01  4.869E-03  3.298E+26  1.368E+06  1.274E+12  6.951E+01  9.230E-01  4.099E-13  r  4.5
  325  4.983E+08  1.356E-01  4.950E-03  3.298E+26  1.375E+06  1.302E+12  7.068E+01  9.207E-01  4.358E-13  r  4.5
  326  4.976E+08  1.356E-01  5.032E-03  3.298E+26  1.381E+06  1.330E+12  7.186E+01  9.184E-01  4.634E-13  r  4.5
  327  4.969E+08  1.356E-01  5.116E-03  3.298E+26  1.388E+06  1.358E+12  7.307E+01  9.161E-01  4.925E-13  r  4.5
  328  4.961E+08  1.356E-01  5.200E-03  3.298E+26  1.394E+06  1.388E+12  7.429E+01  9.138E-01  5.234E-13  r  4.5
  329  4.954E+08  1.356E-01  5.285E-03  3.298E+26  1.401E+06  1.417E+12  7.553E+01  9.115E-01  5.561E-13  r  4.5
  330  4.946E+08  1.356E-01  5.372E-03  3.298E+26  1.407E+06  1.448E+12  7.678E+01  9.092E-01  5.908E-13  r  4.5
  331  4.939E+08  1.356E-01  5.460E-03  3.298E+26  1.414E+06  1.479E+12  7.806E+01  9.069E-01  6.275E-13  r  4.5
  332  4.932E+08  1.356E-01  5.549E-03  3.298E+26  1.420E+06  1.510E+12  7.935E+01  9.046E-01  6.664E-13  r  4.5
  333  4.924E+08  1.356E-01  5.639E-03  3.298E+26  1.427E+06  1.542E+12  8.067E+01  9.024E-01  7.076E-13  r  4.5
  334  4.917E+08  1.356E-01  5.731E-03  3.298E+26  1.434E+06  1.575E+12  8.200E+01  9.001E-01  7.512E-13  r  4.5
  335  4.910E+08  1.356E-01  5.823E-03  3.298E+26  1.440E+06  1.608E+12  8.335E+01  8.979E-01  7.973E-13  r  4.5
  336  4.902E+08  1.356E-01  5.917E-03  3.298E+26  1.447E+06  1.643E+12  8.473E+01  8.957E-01  8.461E-13  r  4.5
  337  4.895E+08  1.356E-01  6.012E-03  3.298E+26  1.454E+06  1.677E+12  8.612E+01  8.935E-01  8.978E-13  r  4.5
  338  4.887E+08  1.356E-01  6.109E-03  3.298E+26  1.460E+06  1.713E+12  8.753E+01  8.913E-01  9.524E-13  r  4.5
  339  4.880E+08  1.356E-01  6.206E-03  3.298E+26  1.467E+06  1.749E+12  8.897E+01  8.891E-01  1.010E-12  r  4.5
  340  4.873E+08  1.356E-01  6.305E-03  3.298E+26  1.474E+06  1.786E+12  9.042E+01  8.869E-01  1.071E-12  r  4.5
  341  4.865E+08  1.356E-01  6.406E-03  3.298E+26  1.481E+06  1.823E+12  9.190E+01  8.847E-01  1.136E-12  r  4.5
  342  4.858E+08  1.356E-01  6.507E-03  3.298E+26  1.487E+06  1.861E+12  9.340E+01  8.825E-01  1.204E-12  r  4.5
  343  4.851E+08  1.356E-01  6.610E-03  3.298E+26  1.494E+06  1.900E+12  9.492E+01  8.804E-01  1.277E-12  r  4.5
  344  4.843E+08  1.356E-01  6.715E-03  3.298E+26  1.501E+06  1.940E+12  9.646E+01  8.782E-01  1.353E-12  r  4.5
  345  4.836E+08  1.356E-01  6.821E-03  3.298E+26  1.508E+06  1.980E+12  9.802E+01  8.761E-01  1.434E-12  r  4.5
  346  4.829E+08  1.356E-01  6.928E-03  3.298E+26  1.515E+06  2.022E+12  9.961E+01  8.740E-01  1.519E-12  r  4.5
  347  4.821E+08  1.356E-01  7.036E-03  3.298E+26  1.522E+06  2.064E+12  1.012E+02  8.718E-01  1.609E-12  r  4.5
  348  4.814E+08  1.356E-01  7.146E-03  3.298E+26  1.529E+06  2.107E+12  1.029E+02  8.697E-01  1.705E-12  r  4.5
  349  4.806E+08  1.356E-01  7.258E-03  3.298E+26  1.536E+06  2.150E+12  1.045E+02  8.676E-01  1.805E-12  r  4.5
  350  4.799E+08  1.356E-01  7.370E-03  3.298E+26  1.543E+06  2.195E+12  1.062E+02  8.655E-01  1.911E-12  r  4.5
  351  4.792E+08  1.356E-01  7.485E-03  3.298E+26  1.550E+06  2.240E+12  1.079E+02  8.634E-01  2.023E-12  r  4.5
  352  4.784E+08  1.356E-01  7.600E-03  3.298E+26  1.557E+06  2.286E+12  1.096E+02  8.614E-01  2.142E-12  r  4.5
  353  4.777E+08  1.356E-01  7.718E-03  3.298E+26  1.564E+06  2.333E+12  1.114E+02  8.593E-01  2.267E-12  r  4.5
  354  4.770E+08  1.356E-01  7.836E-03  3.298E+26  1.571E+06  2.381E+12  1.132E+02  8.572E-01  2.399E-12  r  4.5
  355  4.762E+08  1.356E-01  7.957E-03  3.298E+26  1.578E+06  2.430E+12  1.150E+02  8.552E-01  2.538E-12  r  4.5
  356  4.755E+08  1.356E-01  8.079E-03  3.298E+26  1.585E+06  2.480E+12  1.168E+02  8.531E-01  2.685E-12  r  4.5
  357  4.747E+08  1.356E-01  8.202E-03  3.298E+26  1.592E+06  2.531E+12  1.187E+02  8.511E-01  2.840E-12  r  4.5
  358  4.740E+08  1.356E-01  8.327E-03  3.298E+26  1.599E+06  2.583E+12  1.205E+02  8.491E-01  3.004E-12  r  4.5
  359  4.733E+08  1.356E-01  8.453E-03  3.298E+26  1.606E+06  2.635E+12  1.225E+02  8.470E-01  3.176E-12  r  4.5
  360  4.725E+08  1.356E-01  8.582E-03  3.298E+26  1.613E+06  2.689E+12  1.244E+02  8.450E-01  3.358E-12  r  4.5
  361  4.718E+08  1.356E-01  8.711E-03  3.298E+26  1.621E+06  2.744E+12  1.264E+02  8.430E-01  3.550E-12  r  4.5
  362  4.711E+08  1.356E-01  8.843E-03  3.298E+26  1.628E+06  2.800E+12  1.284E+02  8.410E-01  3.752E-12  r  4.5
  363  4.703E+08  1.356E-01  8.976E-03  3.298E+26  1.635E+06  2.856E+12  1.304E+02  8.390E-01  3.965E-12  r  4.5
  364  4.696E+08  1.356E-01  9.111E-03  3.298E+26  1.642E+06  2.914E+12  1.324E+02  8.370E-01  4.190E-12  r  4.5
  365  4.688E+08  1.356E-01  9.247E-03  3.298E+26  1.650E+06  2.973E+12  1.345E+02  8.351E-01  4.427E-12  r  4.5
  366  4.681E+08  1.356E-01  9.385E-03  3.298E+26  1.657E+06  3.033E+12  1.366E+02  8.331E-01  4.677E-12  r  4.5
  367  4.674E+08  1.356E-01  9.525E-03  3.298E+26  1.664E+06  3.094E+12  1.388E+02  8.311E-01  4.940E-12  r  4.5
  368  4.666E+08  1.356E-01  9.667E-03  3.298E+26  1.672E+06  3.157E+12  1.409E+02  8.292E-01  5.217E-12  r  4.5
  369  4.659E+08  1.356E-01  9.810E-03  3.298E+26  1.679E+06  3.220E+12  1.432E+02  8.272E-01  5.509E-12  r  4.5
  370  4.652E+08  1.356E-01  9.955E-03  3.298E+26  1.686E+06  3.285E+12  1.454E+02  8.253E-01  5.817E-12  r  4.5
  371  4.644E+08  1.356E-01  1.010E-02  3.298E+26  1.694E+06  3.351E+12  1.477E+02  8.234E-01  6.140E-12  r  4.5
  372  4.571E+08  1.356E-01  1.164E-02  3.298E+26  1.771E+06  4.101E+12  1.729E+02  8.032E-01  1.067E-11  r  4.5
  373  4.497E+08  1.356E-01  1.337E-02  3.298E+26  1.852E+06  5.010E+12  2.020E+02  7.845E-01  1.822E-11  r  4.5
  374  4.423E+08  1.356E-01  1.533E-02  3.298E+26  1.935E+06  6.105E+12  2.356E+02  7.665E-01  3.079E-11  r  4.5
  375  4.349E+08  1.356E-01  1.753E-02  3.298E+26  2.020E+06  7.422E+12  2.742E+02  7.491E-01  5.143E-11  r  4.5
  376  4.276E+08  1.356E-01  2.000E-02  3.298E+26  2.109E+06  9.004E+12  3.187E+02  7.322E-01  8.499E-11  r  4.5
  377  4.202E+08  1.356E-01  2.278E-02  3.298E+26  2.201E+06  1.090E+13  3.698E+02  7.159E-01  1.390E-10  r  4.5
  378  4.128E+08  1.356E-01  2.588E-02  3.298E+26  2.296E+06  1.318E+13  4.285E+02  7.000E-01  2.253E-10  r  4.5
  379  4.054E+08  1.356E-01  2.935E-02  3.298E+26  2.394E+06  1.590E+13  4.957E+02  6.845E-01  3.619E-10  r  4.5
  380  3.981E+08  1.356E-01  3.321E-02  3.298E+26  2.495E+06  1.915E+13  5.728E+02  6.695E-01  5.764E-10  r  4.4
  381  3.907E+08  1.356E-01  3.751E-02  3.298E+26  2.601E+06  2.303E+13  6.611E+02  6.548E-01  9.108E-10  r  4.4
  382  3.833E+08  1.356E-01  4.227E-02  3.298E+26  2.710E+06  2.766E+13  7.622E+02  6.405E-01  1.428E-09  r  4.4
  383  3.760E+08  1.356E-01  4.755E-02  3.298E+26  2.823E+06  3.319E+13  8.777E+02  6.265E-01  2.224E-09  r  4.4
  384  3.686E+08  1.356E-01  5.339E-02  3.298E+26  2.940E+06  3.976E+13  1.010E+03  6.128E-01  3.440E-09  r  4.4
  385  3.612E+08  1.356E-01  5.984E-02  3.298E+26  3.062E+06  4.759E+13  1.160E+03  5.993E-01  5.286E-09  r  4.4
  386  3.538E+08  1.356E-01  6.694E-02  3.298E+26  3.188E+06  5.690E+13  1.333E+03  5.861E-01  8.072E-09  r  4.4
  387  3.465E+08  1.356E-01  7.476E-02  3.298E+26  3.319E+06  6.795E+13  1.529E+03  5.732E-01  1.225E-08  r  4.4
  388  3.391E+08  1.356E-01  8.333E-02  3.298E+26  3.455E+06  8.108E+13  1.752E+03  5.604E-01  1.850E-08  r  4.4
  389  3.317E+08  1.356E-01  9.274E-02  3.298E+26  3.596E+06  9.665E+13  2.007E+03  5.478E-01  2.777E-08  r  4.4
  390  3.244E+08  1.356E-01  1.030E-01  3.297E+26  3.742E+06  1.151E+14  2.296E+03  5.353E-01  4.146E-08  r  4.3
  391  3.170E+08  1.356E-01  1.142E-01  3.297E+26  3.895E+06  1.369E+14  2.625E+03  5.230E-01  6.160E-08  r  4.3
  392  3.096E+08  1.356E-01  1.265E-01  3.297E+26  4.053E+06  1.628E+14  2.999E+03  5.109E-01  9.104E-08  r  4.3
  393  3.022E+08  1.356E-01  1.398E-01  3.297E+26  4.217E+06  1.933E+14  3.422E+03  4.988E-01  1.339E-07  r  4.3
  394  2.949E+08  1.356E-01  1.542E-01  3.297E+26  4.388E+06  2.293E+14  3.902E+03  4.868E-01  1.959E-07  r  4.3
  395  2.875E+08  1.356E-01  1.698E-01  3.297E+26  4.565E+06  2.718E+14  4.445E+03  4.749E-01  2.853E-07  r  4.3
  396  2.801E+08  1.356E-01  1.867E-01  3.297E+26  4.750E+06  3.217E+14  5.057E+03  4.630E-01  4.135E-07  r  4.2
  397  2.728E+08  1.356E-01  2.049E-01  3.297E+26  4.941E+06  3.804E+14  5.748E+03  4.512E-01  5.963E-07  r  4.2
  398  2.654E+08  1.356E-01  2.244E-01  3.297E+26  5.140E+06  4.492E+14  6.524E+03  4.395E-01  8.557E-07  r  4.2
  399  2.580E+08  1.356E-01  2.454E-01  3.296E+26  5.347E+06  5.297E+14  7.396E+03  4.277E-01  1.222E-06  r  4.2
  400  2.506E+08  1.356E-01  2.677E-01  3.296E+26  5.562E+06  6.237E+14  8.372E+03  4.159E-01  1.735E-06  r  4.1
  401  2.433E+08  1.356E-01  2.915E-01  3.295E+26  5.784E+06  7.331E+14  9.462E+03  4.042E-01  2.452E-06  r  4.1
  402  2.359E+08  1.356E-01  3.168E-01  3.293E+26  6.016E+06  8.602E+14  1.068E+04  3.924E-01  3.445E-06  r  4.1
  403  2.285E+08  1.356E-01  3.434E-01  3.291E+26  6.255E+06  1.007E+15  1.202E+04  3.806E-01  4.814E-06  r  4.0
  404  2.212E+08  1.356E-01  3.715E-01  3.288E+26  6.504E+06  1.177E+15  1.351E+04  3.688E-01  6.688E-06  r  4.0
  405  2.138E+08  1.356E-01  4.009E-01  3.283E+26  6.761E+06  1.372E+15  1.515E+04  3.570E-01  9.234E-06  r  3.9
  406  2.064E+08  1.356E-01  4.316E-01  3.277E+26  7.027E+06  1.595E+15  1.694E+04  3.451E-01  1.267E-05  r  3.9
  407  1.990E+08  1.356E-01  4.634E-01  3.267E+26  7.302E+06  1.848E+15  1.890E+04  3.333E-01  1.726E-05  r  3.8
  408  1.917E+08  1.356E-01  4.962E-01  3.254E+26  7.585E+06  2.136E+15  2.102E+04  3.215E-01  2.336E-05  r  3.8
  409  1.843E+08  1.356E-01  5.298E-01  3.236E+26  7.877E+06  2.459E+15  2.331E+04  3.098E-01  3.138E-05  r  3.7
  410  1.769E+08  1.356E-01  5.641E-01  3.211E+26  8.178E+06  2.821E+15  2.576E+04  2.981E-01  4.182E-05  r  3.7
  411  1.696E+08  1.356E-01  5.987E-01  3.178E+26  8.486E+06  3.224E+15  2.837E+04  2.866E-01  5.529E-05  r  3.6
  412  1.622E+08  1.356E-01  6.335E-01  3.134E+26  8.801E+06  3.669E+15  3.112E+04  2.752E-01  7.248E-05  r  3.5
  413  1.548E+08  1.356E-01  6.681E-01  3.077E+26  9.123E+06  4.156E+15  3.401E+04  2.640E-01  9.416E-05  r  3.5
  414  1.474E+08  1.356E-01  7.022E-01  3.004E+26  9.450E+06  4.685E+15  3.701E+04  2.530E-01  1.212E-04  r  3.4
  415  1.401E+08  1.356E-01  7.356E-01  2.913E+26  9.781E+06  5.254E+15  4.011E+04  2.423E-01  1.545E-04  r  3.3
  416  1.327E+08  1.356E-01  7.679E-01  2.801E+26  1.012E+07  5.862E+15  4.327E+04  2.320E-01  1.949E-04  r  3.3
  417  1.253E+08  1.356E-01  7.988E-01  2.667E+26  1.045E+07  6.504E+15  4.646E+04  2.221E-01  2.433E-04  r  3.2
  418  1.179E+08  1.356E-01  8.280E-01  2.510E+26  1.079E+07  7.175E+15  4.966E+04  2.126E-01  3.004E-04  r  3.1
  419  1.106E+08  1.356E-01  8.552E-01  2.330E+26  1.112E+07  7.868E+15  5.283E+04  2.036E-01  3.669E-04  r  3.0
  420  1.032E+08  1.356E-01  8.803E-01  2.129E+26  1.145E+07  8.577E+15  5.593E+04  1.951E-01  4.430E-04  r  3.0
  421  9.583E+07  1.356E-01  9.030E-01  1.910E+26  1.177E+07  9.291E+15  5.893E+04  1.870E-01  5.287E-04  r  2.9
  422  8.846E+07  1.356E-01  9.232E-01  1.679E+26  1.209E+07  1.000E+16  6.178E+04  1.795E-01  6.238E-04  r  2.8
  423  8.109E+07  1.356E-01  9.408E-01  1.443E+26  1.239E+07  1.070E+16  6.446E+04  1.724E-01  7.274E-04  r  2.7
  424  7.372E+07  1.356E-01  9.558E-01  1.210E+26  1.269E+07  1.137E+16  6.692E+04  1.657E-01  8.385E-04  r  2.6
  425  6.635E+07  1.356E-01  9.683E-01  9.888E+25  1.297E+07  1.201E+16  6.913E+04  1.596E-01  9.555E-04  c  2.5
  426  5.897E+07  1.356E-01  9.783E-01  7.877E+25  1.323E+07  1.260E+16  7.104E+04  1.535E-01  1.078E-03  c  2.3
  427  5.160E+07  1.356E-01  9.860E-01  6.144E+25  1.347E+07  1.314E+16  7.269E+04  1.481E-01  1.202E-03  c  2.1
  428  4.423E+07  1.356E-01  9.916E-01  4.743E+25  1.369E+07  1.362E+16  7.400E+04  1.428E-01  1.328E-03  c  1.8
  429  3.686E+07  1.356E-01  9.955E-01  3.699E+25  1.390E+07  1.404E+16  7.492E+04  1.373E-01  1.459E-03  c  1.4
  430  2.949E+07  1.356E-01  9.978E-01  3.003E+25  1.412E+07  1.439E+16  7.531E+04  1.307E-01  1.608E-03  c  1.0
  431  2.212E+07  1.356E-01  9.991E-01  2.612E+25  1.439E+07  1.471E+16  7.480E+04  1.209E-01  1.830E-03  c  0.6
  432  1.474E+07  1.356E-01  9.995E-01  2.450E+25  1.494E+07  1.514E+16  7.202E+04  1.007E-01  2.451E-03  c  0.3
  433  0.000E+00  1.118E+11  9.995E-01  2.450E+25  1.542E+07  1.531E+16  7.405E+04  1.068E-01  2.465E-02  c  0.3
