14002	0
11613	0.33
9017.76	0.1
7337	0.23
6700	0.453
6005	0.09
5894	-0.01
5769	-0.281
5700	0.14
5584	0
5501	-0.13
5174	0.3
5144	-0.09
5000	0.28
5000	0.35
4951	0.02
4885	-0.48
4850	0.18
4825	0.31
4791	0.19
4375	0.41
4270	0.37
4218	0.03
4205.8	0.263
4100	0
3999	-0.11
3827	0.18
3810	0.16
3668	0.206
3658	-0.02
3657	-0.3
3638	0.18
3630	0.03
3568	-0.306
3452	-0.2
3117	0.01
3070	0.3
3008	0.23
3000	0.33
2915	0.25
2899	0.16
2890	0.08
2840	0.22
2732	0.01
2720	0.336
2597	0.266
2590	-0.19
2556.5	0.15
2524.4	0.33
2502	-0.13
2496	-0.06
2473	0.11
2443	-0.11
2391	0
2374	0.25
2372	0.11
2288	0.3
2247	0.11
2209	0
2208	-0.12
2205	0.08
2172	0.33
2151	0.048
2140.2	0.51
2131.8	0
2111	0.21
2102	0.21
2093.3	-0.04
2082	0.09
2068	0.164
2024.1	0.18
1973	0.31
1951	0.32
1945	0.122
1928	0.19
1877	0.17
1862	-0.44
1845	-0.11
1840	0.25
1818	-0.24
1773.4	0.43
1770	0.232
1749.83	0.04
1733	-0.19
1708	0.36
1695	0.05
1684	0.13
1667	-0.48
1627.5	0.29
1624	0.19
1606.3	0.3
1561	0.33
1560.2	-0.15
1531	-0.07
1523	0.17
1460	-0.18
1455	-0.1
1383.4	0.37
1378	0.229
1362.3	-0.24
1353.6	0.23
1333	0.22
1322.3	-0.42
1320.1	-0.5
1319	-0.135
1314	0.21
1313	0.06
1311	0.244
1299	0.23
1293	-0.04
1290	0.19
1276	-0.27
1275	-0.11
1270	0.04
1261.94	0.15
1260	0.03
1256	0.21
1244	0.56
1214	0.34
1201.1	0.16
1189.1	0.27
1179	0.39
1178.4	-0.08
1173	0.29
1159.2	0.29
1145	0.3
1143	-0.36
1129	0.04
1125.7	-0.13
1120	0.315
1116	0.06
1114	-0.262
1107.5923	-0.14
1103	0.29
1084.5	0.16
1078	0
1075.2	0.17
1071.23228	-0.03
1069.8	0.35
1058.8	0.29
1056.7	0.14
1051.1	0.23
1046.2	0.22
1043	0.11
1038.1	-0.24
1027	0.29
1008	0.1
1002	0.2
1001.7	-0.16
1000	-0.01
995.4	0.37
993.3	-0.052
989.2	0
986	0.05
982	0.17
963.6	0.29
963	-0.09
962	0.33
956	-0.53
952.7	-0.06
952	0.26
937.7	-0.08
931	0.01
916	0.27
912	-0.06
886	0.15
885.5	-0.44
883	0.25
883	-0.03
875.5	-0.09
874.774	-0.13
872.2	0.33
871	0.05
868	0.14
857.5	-0.09
854.083	-0.04
851.8	-0.18
842.2	-0.12
840	-0.02
835.477	0.19
828	-0.284
825.9	0.07
825	-0.15
822.3	0.2
820.3	0.34
818.8	0.08
798.5	0.038
796	0.21
789	-0.2
788	-0.07
780.3	0.4
778.1	0.3
772	-0.04
745.7	-0.26
730.6	-0.15
712.13	0.69
711	-0.21
705	-0.31
704.1984	-0.25
696.3	0.26
692	0.36
691.9	0
689	-0.46
677.8	-0.12
676.8	0.14
675.47	0.176
672.1	-0.25
670	0.18
663.2	-0.24
655.6	-0.03
653.22	0.12
649	-0.306
647.3	-0.24
643.25	0.263
641	0.15
637.2093	-0.136
628.96	-0.27
626.5	0.3
625	0.12
623.8	-0.16
621.99	-1
615	0.28
613.8	-0.15
610	0.14
606.4	-0.18
605.2	-0.29
604.67	0.08
603.95116	0.1
600.1	-0.26
598.3	0.08
597.065	0.01
589.64	0.07
580.7	0.36
578.2	-0.46
577.9	0.21
572.4	-0.12
572.3847	-0.28
572.38	-0.029
567.94	0.23
562.1	0.2
559.4	0.23
559.3	-0.2
551.4	0.27
550	-0.49
535.6	-0.49
533	-0.32
528.4	0.06
528.07	-0.37
526.62	0.2
525.8	-0.04
523.9	0.27
522.3	-0.27
521	0.28
516.22	0.04
511.098	0.29
509.997402	-0.46
507	0.05
501.75	-0.18
499.48	-0.26
499.4	-0.01
498.9	0.34
493.7	0.21
492.3	-0.2
491.54	0.03
482	-0.18
481.9	-0.71
480.5	-0.323
479.1	-0.46
479	0.04
472.3	0.03
469.63111	0.06
466.2	0.27
466	0.16
464.3	-0.07
461.2	0.289
456.1	-0.03
452.8	-0.03
448.303558	0
446.27	0.41
443.4	0.2
442.19	0.214
441.47	0.3
440.7813	-0.38
439.3	0.315
437.05	0.453
436.9	-0.02
434.5	0.09
433.7	-0.74
431.8	0.09
428.1	0.42
425.47785	0.03
421	0.06
420.77	0
418.2	0.27
417.9	-0.094
408.6	-0.2
406.6	0.545
406.2	-0.07
396.03	0.2
395.8	0.19
394.6244904	0.12
392.6	-0.2
388	-0.12
387.1	-0.11
386.370548	0.07
386.3	0.21
385.9	0.12
384.843	0.21
383.7	-0.27
380.85	0.04
379.63	-1
374.876239	0.02
373.3	-0.21
364.758031	0.05
363.2	-0.12
361.1	-0.3
360.2	0.01
359.9	0.22
359.5546	0.17
357.8	0.36
356	0.14
352.7	0.21
352.3	-0.08
352.2	0.25
349.7	0.09
345.72	0.1
345.53	-0.15
341.7	0.25
335.1	0.245
331.60059	-0.12
330	0.18
328.2399546	0.21
327.8	0.4
326.6	0.05
326.03	-0.35
325	0.32
324	0.07
324	-0.11
323.6	-0.22
311.6	0
310.55	0.263
308.5471	0.03
305.5	0.14
303.137	-0.25
299.36	0.15
298.2	0.17
297.3	-0.07
296.637865	0.01
289.8623	-0.29
288.822	-0.07
287.378949	0.01
282.5255	-0.078
282.4	0.21
279.8	0.19
277.02	-0.24
270	0.37
269.3	-0.25
268.94	0.1
267.291	-0.37
265.469335	-0.403
264.15	0.15
262.709	0.36
262	0.31
259.33683	-0.01
258.19	0.28
257.8	-0.3
256.78	0.26
256.2	-0.55
255.87	0.37
248.4	0.05
247.35373	-0.556
242.4613	-0.29
240.7989397	-0.07
240.503	0.09
237.6	-0.07
232.08	-0.12
228.776	-0.3
227	-0.03
226.89047	-0.03
225.7	0.38
225.62	0.21
225.582809	0.01
224.784608	0.005
223.6	0.29
223.3	0.44
220.1303357	-0.38
220.078	0.3
219.3217528	0.08
218.47	-0.17
217.8317626	0.14
217.21	-0.09
214.886545	0.02
214.67	0.14
214.3114164	0.07
213.257663	-0.01
210.630591	-0.06
210.60697	-0.12
207.2482	-0.57
201.99	0.35
201.9	-0.26
201.1214	0.01
198.7112502	-0.03
198.680179	-0.04
198.4	-0.2
198.088774	-0.1
197.8	-0.31
197	-0.05
196.435224	0.01
192.9	0.09
192	-0.36
191.2318	-0.17
190.323494	-0.026
187.747029	-0.11
186.404271	0.02
185.84	-0.24
184.771853	-0.07
184.256405	-0.297
184.2	0.31
184.02	-0.359
181.4	-0.03
179.612	0.07
178.1396	0.02
177.6693	-0.01
177.11	-0.02
176.3	-0.14
175.138819	0.02
174.509835	0.02
172.7049784	-0.1
168.811174	0.02
163.967	0.11
163.692349	-0.06
161.5280101	-0.05
161.5163345	0.06
161.4743937	0.03
160.88465087	0.14
160.129918	0.07
160.018032	0.147
158.6853308	-0.14
157.57	0.15
157.54	-0.15
157.072878	0.154
156	-0.11
154.378	-0.44
153.979578	-0.03
153.343364	0.08
153.22	-0.22
152.6	-0.12
151.884058	-0.279
151.86392	0.12
150.242127	-0.02
149.61	-0.09
148.6	-0.17
148.4603382	-0.04
147.73	0.26
147.02	-0.4
144.547396	-0.1
144.3	0.03
143.58	0.15
143.34394	0.18
142.544247	-0.134
141.6	0.07
140.101261	-0.19
139.35	-0.5
138.9442	0
138.317	0.21
137.48	0.28
136.75	-0.205
136.205626	0.06
135.498527	-0.035
134.2527298	0.03
133.71	0.1
133.6	-0.57
133.4605235	-0.07
133.3036741	-0.01
132.9968322	0.19
131.458	-0.34
131.05	0.14
131	-0.11
130.3546919	0.06
130.194	-0.079
130.08	0.022
129.9441	-0.26
127.9075774	0.03
127.8338098	0.09
127.58	-0.26
127.282184	-0.238
125.94	-0.14
125.8518	0.05
125.63243	-0.01
125.596809	-0.097
125.4131177	0.1
124.9144	-0.12
124.828679	0.05
124.6	-0.31
124.5244647	0.194
124.4198398	-0.09
124.26	0.05
123.01	-0.01
123	-0.04
122.8808058	0.04
122.744	0.08
122.6196	0.02
122.3874	-0.37
122.363553	0.02
122.1	-0.26
121.71	-0.02
121.54	-0.89
120.8	0.39
120.0181272	0.35
119.6	0.21
118.45	0.23
118.3807	-0.041
117.93108781	-0.04
117.87	0.14
117.040498	-0.03
116.6926	-0.09
116.596	0.03
116.331901	0
115.6862258	-0.03
114.73635	-0.17
114.34219	0.1
112.3053	-0.37
110.979	0.2
110.96546	-0.06
110.9	0.545
110.2869374	-0.053
109.6471842	-0.04
108.593329	-0.26
107.723601	0.106
106.247547	0.02
105.9564148	0.07
105.6551369	-0.03
105.599	-0.11
105.356383	0.415
105.3033148	0.01
105.144749	0.02
104.3518976	-0.04
103.95	0.12
102.54	-0.31
101.951829	0.03
101.54	-0.07
101.11141	-0.3
100.8274113	0
99.747622	0.04
99.640161	-0.156
99.2530951	-0.14
98.7180406	0.02
96.9151496	0
96.678988	-0.188
96.16987	-0.19
96.101141	-0.403
95.2738	-0.01
94.44	0.35
94.2887577	-0.04
94.2	0.11
93.4	-0.03
92.876125	-0.299
92.743711	-0.26
92.4362973	-0.08
92.263714	0.03
91.93913	-0.12
91.773242	-0.291
91.353282	-0.094
91.080482	0.01
90.4113556	-0.02
90.309	-0.4
89.722292	-0.01
88.9	0
88.505	-0.129
88.40655258	0.26
88.255055	-0.138
87.9732136	0.03
87.6451	-0.076
87.517905	0.02
87.090195	0.238
86.828989	-0.06
86.67856	-0.05
86.647661	0.27
86.1150888	-0.04
85.7565495	-0.01
85.7350285	0.06
85.35129427	0.02
85.312	-0.079
85.273256	0.06
84.703921	0.04
84.6879808	-0.06
84.5733226	0.12
83.9151	-0.774
83.488369	-0.027
83.446393	-0.114
82.5342519	-0.25
82.467	0.04
82.304003	-0.17
82.294751	-0.13
82.177374	0.03
81.73780699	-0.05
81.4162941	0.26
81.3151059	-0.04
81.1694299	0.01
81.0659	-0.073
80.8720639	0.04
78.1000231	0.06
77.61130017	0.07
77.473633	-0.121
77.2548396	0.09
77.095691	-0.039
76.957857	0.02
76.732171	-0.302
76.613377	0.03
76.5369586	-0.04
76.378033	0.17
76.13602028	-0.04
76.050178	-0.034
75.765	0.16
75.523	0.17
75.29	0.21
75.2	-0.16
74.920137	-0.12
74.72	-0.04
72.379334	-0.489
71.52530845	-0.01
71.484	0.34
71.4517775	0.04
71.312	0.09
70.9674603	0.04
70.6979061	-0.21
70.46	0.17
69.7546	0.176
68.9584	0.08
68.8861915	-0.14
68.27	0.1
68.16101	-0.618
67.968015	-0.223
67.844469	-0.106
67.831024	-0.311
67.668827	0.08
67.3	0.25
67.093408	-0.157
66.65062	0
66.5579057	0.04
66.4162133	-0.1
66.373379	-0.11
66.262	-0.2
66.1849031	0
66.0634	0.05
65.6488341	0.06
65.6478424	-0.11
64.6588017	0.05
64.2737752	0.11
64.00205	0.01
63.33627	-0.08
63.33	0.16
62.95	-0.08
62.9228557	0.05
62.8916228	-0.01
62.8691611	0.01
62.784697	-0.045
62.303276	-0.391
62.24	-0.55
62.218	0.24
62.1387714	0.05
61.6178167	0.04
61.1166	0.05
61.0370117	0.01
60.92832271	-0.06
60.866168	0.01
60.418955	-0.067
60.323105	0.18
60.0855082	0.12
59.980627	-0.026
59.87756	0.03
59.73667	-0.12
59.6225257	-0.08
59.4970952	0.11
58.83	0.05
58.6017925	-0.09
58.43	-0.33
58.3620495	0.02
58.11247	0.04
58.034616	-0.827
57.68802	-0.039
57.24809	-0.134
57.011	0.41
56.6747285	-0.03
56.6449279	0.12
56.633742	-0.219
56.47542	-0.299
56.4349938	0.04
56.35418576	-0.13
56.268	-0.202
56.228098	-0.016
56.1886887	0.29
56.0560538	0.07
55.8226539	0.13
55.806	-0.06
55.6738309	0.01
55.63934	0.04
55.328328	0.147
55.188023	-0.137
55.01307	0.336
54.6495759	0.06
54.5094166	-0.02
54.418694	0.136
54.414	-0.57
54.4092333	0.04
54.32031	0.023
54.280749	-0.145
54.155743	0.134
53.5991044	-0.04
53.578637	0.247
53.5293487	0.09
53.44945593	0.09
52.814973	-0.298
52.75875577	0.09
52.661793	-0.363
52.6298417	-0.03
52.501129	-0.07
52.0902	-0.073
52.0688601	0.03
51.92927591	-0.06
51.84688575	0.143
51.805612	-0.009
51.76	-0.31
51.755394	-0.777
51.645	0.11
51.538	-0.014
51.3285623	-0.08
51.300634	-0.12
51.196	-0.32
51.16579	0.072
51.1309704	0.06
51.1110243	-0.05
51.07926307	-0.01
51.078775	0.422
50.790391	-0.04
50.697494	-0.011
50.447	0.143
50.28638192	0.02
49.7701438	-0.07
49.77	-0.24
49.748	0.08
49.6221509	-0.01
49.6077331	-0.06
49.567416	-0.14
49.532	-0.25
49.499875	0.051
49.412	-0.091
49.276764	-0.02
49.183921	-0.026
49.175	0.14
49.1013514	-0.05
48.648	0.012
48.630408	-0.154
48.4308991	0.03
48.1345	0.02
48.056	0.314
48.051405	-0.01
47.9872764	0.02
47.903645	0.02
47.84	0.21
47.449955	0
47.427737	0.071
47.332773	-0.11
47.318218	-0.297
47.3126192	0.06
47.1611696	0.01
47.14840805	-0.05
47.0569043	-0.07
47.0319479	-0.02
46.90232	-0.255
46.8779367	-0.03
46.859	0.11
46.827915	-0.13
46.6888	-0.041
46.4063358	0
46.183669	0.087
45.348269	-0.567
45.294301	-0.15
45.154	-0.079
45.1263042	0.02
45.0904643	-0.04
44.96417488	0.09
44.9309804	0.22
44.851896	-0.077
44.840975	0.155
44.699576	0.194
44.6169557	0.04
44.55983	-0.32
44.552169	-0.131
44.431014	-0.106
44.4175	0.31
44.347	-0.374
44.236	0.1
44.2008	-0.01
44.000529	-0.556
43.8445	-0.12
43.6	0.29
43.595792	-0.911
43.3167737	-0.11
43.130617	-0.311
43.0342272	0.04
42.994	-0.129
42.9495649	-0.03
42.913751	0.14
42.8961	0.17
42.882	-0.674
42.6318	-0.076
42.5215895	0.04
42.473269	-0.139
42.36342	0.42
42.3514267	0.02
42.3004954	0.18
42.1917357	-0.03
42.1516418	-0.201
41.885775	-0.194
41.809118	-0.274
41.805985	0.06
41.749882	0.008
41.74600392	0.01
41.7083629	0.05
41.6979976	-0.09
41.6977827	0.01
41.6855	-0.15
41.43962808	0.15
41.40831347	-0.06
41.194912	-0.109
41.02902	0.025
41.008011	-0.38
40.9903986	0.05
40.8365012	-0.01
40.806231	-0.19
40.714955	-0.238
40.6994443	0.05
40.6069821	0.03
40.54	-0.27
40.5286413	0.06
40.4287755	0.02
40.114	-0.4
40.1099547	0
40.101371	-0.12
40.0686727	0.03
40.0587473	0.06
40	-0.04
39.93767	-0.12
39.91488	-0.54
39.859484	0.04
39.8458	-0.31
39.8189932	0.06
39.7922	-0.32
39.64317811	-0.01
39.595519	-0.151
39.475	0.25
39.459357	-0.053
39.4419839	0.01
39.30941904	-0.08
39.026	-0.55
38.91	0.12
38.871826	-0.12
38.715185	-0.171
38.6715075	0
38.6519976	0
38.58422849	0.41
38.5053398	-0.11
38.47875707	0.1
38.3774623	-0.01
38.285489	-0.052
38.1312831	0.03
38.021	-0.01
37.993273	-0.202
37.94563	-0.04
37.91	0.122
37.866281	-0.718
37.815724	0.247
37.8144514	0.29
37.6467384	0.04
37.6327084	0.02
37.514456	-0.145
37.3331536	0.07
37.3229493	-0.03
37.054919	-0.134
36.96	0.28
36.924931	-0.165
36.855	-0.091
36.77031	-0.061
36.5156053	-0.02
36.445171	-0.289
36.4333452	0.04
36.337373	0.012
36.2919336	0.02
36.277108	-0.028
36.07	0.3
36.065978	-0.243
35.968	0.2
35.736	-0.57
35.68	-0.3
35.676062	0.184
35.622233	0.01
35.61760587	-0.03
35.39	0.23
35.3331	0.02
35.23319	0.16
35.1810304	0.02
35.118736	0.012
34.989262	-0.163
34.94	0.07
34.921	0.09
34.905	0.18
34.8538276	0
34.763278	-0.223
34.545	0.05
34.43587975	0.22
34.3511874	0.03
34.2685705	-0.01
34.260281	-0.286
34.21154	0.05
34.18890521	0.01
34.1731714	0.22
34.14211	-0.08
34.096863	-0.052
34.060467	-0.027
34.035257	-0.023
33.884054	-0.332
33.8786838	0.01
33.8678531	0.12
33.653079	0.415
33.60134	0.41
33.469743	0.04
33.42035034	0.06
33.4177993	-0.02
33.416423	0.078
33.3855938	0.05
33.2406882	-0.02
33.1995648	-0.06
33.197861	-0.188
33.040532	-0.391
33.006	-0.315
32.94488	0.09
32.657212	-0.02
32.625555	-0.291
32.5637069	-0.03
32.2968798	-0.05
32.273273	-0.112
32.134328	-0.85
31.9996	-0.041
31.884	0.012
31.8277111	-0.06
31.8099	-0.16
31.80634	-0.05
31.7844	0.025
31.781925	0.487
31.7785901	0.03
31.719775	-0.151
31.7154	-0.02
31.6978	-0.11
31.5922646	0.07
31.56	-0.05
31.517586	-0.16
31.3309	0.41
31.200751	-0.157
31.1750448	-0.07
31.158799	-0.302
31.0571618	-0.09
31.0033814	-0.01
30.99660733	0.11
30.950851	-0.535
30.94191	-0.14
30.93	0.1
30.864423	-0.618
30.8638931	-0.06
30.8609366	-0.18
30.826557	-0.136
30.5987	0.02
30.4549136	-0.17
30.36044667	-0.04
30.229104	0.09
30.184104	-0.238
30.160546	0.422
30.133001	-0.156
30.092568	-0.137
30.0881	0.05
30.052	0.09
29.9633247	-0.02
29.91136794	0.09
29.90722674	-0.17
29.88485741	-0.03
29.8454	0.04
29.726682	-0.131
29.6193421	-0.02
29.6091744	0.01
29.393195	-0.154
29.3494775	-0.04
29.33434	0.18
29.221289	-0.165
29.198943	0.147
29.022358	-0.338
29.01	-0.62
29.00790538	-0.06
28.986769	-0.125
28.906009	0.553
28.86235584	-0.01
28.8432647	-0.03
28.7798	-0.359
28.731	-0.08
28.6851324	0.06
28.67992	-0.07
28.625653	0.03
28.59915399	-0.24
28.574263	-0.588
28.551383	-0.232
28.51120525	0.01
28.5057189	0.04
28.474748	-0.07
28.464515	0.028
28.26731672	-0.07
28.2274184	0.03
28.14	-0.55
28.125	0.25
28.081912	0.15
27.9481449	-0.201
27.80756293	-0.26
27.666313	-0.139
27.6655226	0.04
27.5722742	-0.01
27.52197994	-0.19
27.50868	0.02
27.5073799	0.03
27.495606	0.02
27.4785572	0.01
27.4536	0.18
27.434389	-0.131
27.4029	-0.073
27.320871	-0.068
27.082511	-0.167
27.07237711	-0.02
27.014976	-0.497
26.9644317	-0.07
26.85328322	-0.01
26.84768	-0.489
26.7839183	0.06
26.73	0.343
26.695074	-0.199
26.67569	-0.827
26.548955	-0.04
26.468	-0.08
26.444	-0.014
26.41045478	-0.03
26.39435646	-0.04
26.234138	-0.053
26.136	-0.308
26.0840594	0.03
26.0204423	-0.04
25.96200249	0.04
25.9422033	-0.03
25.934138	-0.114
25.873148	0
25.85501786	-0.02
25.827	0.03
25.762294	-0.051
25.751974	0.072
25.745718	-0.026
25.69578251	-0.14
25.672083	-0.279
25.660593	-0.213
25.63058	0.1
25.563222	-0.039
25.5169	0.12
25.4338197	0.03
25.3842686	-0.1
25.369116	0.12
25.30889748	0.18
25.30292332	0.08
25.262887	-0.151
25.216751	-0.031
25.209715	-0.533
25.2034787	-0.16
25.193458	-0.225
25.15864	0
25.09849	-0.074
25.0824626	-0.01
24.99324193	0.06
24.85462415	0.01
24.806	-0.374
24.7576421	0.01
24.7543966	-0.06
24.73712	-0.24
24.674612	-0.102
24.66919569	0.04
24.664551	0.315
24.64354	-0.32
24.58721573	-0.09
24.570858	0.14
24.54350418	0.03
24.4973698	0.01
24.451	-0.15
24.4002549	-0.09
24.3587	0.054
24.3397804	-0.04
24.3347127	0.06
24.31575992	0.01
24.310856	-0.106
24.3078946	0.01
24.209842	-0.036
24.1738579	-0.01
24.08821	-0.472
24.0862707	-0.08
23.9802	-0.12
23.968127	0.119
23.955378	-0.02
23.9210791	0.05
23.9109011	0.02
23.8990296	0.04
23.851549	-0.031
23.67517607	-0.09
23.668205	-0.777
23.654	0.143
23.637604	-0.157
23.6225913	-0.07
23.58914398	-0.04
23.58447697	0.05
23.5540725	-0.51
23.4774101	0.06
23.44971004	0.41
23.44281	-0.149
23.2382792	0.14
23.22182	-0.138
23.20584623	0.38
23.198681	0.05
23.12748644	0.05
23.0881	-0.28
22.951	-0.674
22.92881	-0.121
22.9221266	-0.02
22.824669	-0.094
22.804	-0.048
22.7802	0
22.717	0.11
22.714613	0.02
22.70816791	0.04
22.6845	-0.041
22.597053	-0.567
22.4764425	0
22.407704	-0.26
22.36656079	-0.01
22.342989	0.023
22.3395	0.2
22.250949	-0.035
22.24813967	0.15
22.2419092	0.05
22.20813214	0.25
22.18432708	-0.08
22.18329658	0.02
22.12679948	0.07
22.08557563	0.03
22.0459018	0.09
22.017	-0.48
21.963945	-0.097
21.8635301	0.02
21.853722	-0.115
21.81293494	-0.01
21.80451088	-0.09
21.803855	-0.03
21.77596	0.025
21.67697486	-0.03
21.587475	-0.202
21.526258	-0.332
21.41616926	0.02
21.40239	0.2
21.38521506	-0.04
21.3587621	-0.01
21.347262	-0.016
21.302	-0.32
21.30022655	0.03
21.2234	-0.153
21.2227	-0.08
21.21708973	0.04
21.169619	0.14
21.1284569	0.03
21.0907758	-0.1
21.08721	0.1
21.058	-0.278
21.05358596	0.03
21.02247699	-0.03
20.995694	-0.036
20.9568158	0.02
20.925392	0.09
20.88508	0.42
20.8613	-0.076
20.837846	-0.524
20.83424726	0.01
20.834237	0.077
20.8133	0.295
20.74028413	-0.28
20.739886	0.071
20.729042	-0.051
20.7056504	0.01
20.684342	0.077
20.678772	-0.401
20.6602	-0.02
20.5533844	0.07
20.552802	-0.188
20.54981883	-0.391
20.50586978	-0.04
20.4966197	-0.1
20.485435	0.02
20.477912	0.169
20.432	-0.31
20.42228798	0.08
20.38177573	-0.02
20.35972599	0.2
20.3505213	0.02
20.342199	-0.077
20.310501	0.03
20.306546	-0.149
20.303005	-0.338
20.273034	-0.22
20.2641684	0.05
20.17202	0.18
20.16034462	-0.04
20.134866	-0.134
20.09838	-0.045
20.09	-0.195
20.0711504	0.05
20.060548	0.087
20.053763	-0.137
20.050401	-0.191
20.026218	0.241
19.986326	-0.197
19.96371318	0.08
19.9400874	-0.01
19.9157725	0.02
19.850291	-0.08
19.80792185	0
19.79191978	-0.01
19.78297415	0.02
19.76172042	-0.4
19.747412	0.076
19.738286	-0.057
19.67416124	-0.03
19.672266	-0.02
19.5974971	0.01
19.57758478	0.07
19.55659418	-0.35
19.446355	-0.301
19.382	0.01
19.32952416	-0.01
19.305772	-0.219
19.3044	-0.07
19.271566	-0.011
19.254196	0.134
19.24	0.12
19.17891293	-0.06
19.12947337	-0.13
19.1187753	0.01
19.07863	-0.33
19.02293	-0.124
18.998355	-0.24
18.93054959	0.04
18.92540274	-0.01
18.87064068	-0.01
18.870227	-0.255
18.82747265	-0.08
18.82634264	0.05
18.7959228	-0.04
18.794234	-0.185
18.78425728	0.06
18.767	0.04
18.7546998	-0.18
18.746477	-0.191
18.735753	-0.12
18.684737	-0.572
18.68404933	0.11
18.6498	0.09
18.643577	-0.309
18.6051942	0
18.596108	-0.151
18.5525701	-0.09
18.49235668	0.01
18.47764449	-0.39
18.45847097	-0.06
18.4498	-0.25
18.42794624	-0.01
18.369917	-0.413
18.315	-0.4
18.3027248	0.02
18.249	0.2
18.2206421	0.04
18.207973	-0.138
18.20132	0.068
18.179	0.366
18.16406	-0.37
18.157	0.39
18.1373829	-0.09
18.119869	0.052
18.11472949	0.11
18.0540381	0.03
18.02	0.3
18.01621096	0.06
18.010199	-0.053
18.00931444	-0.04
17.9801235	-0.253
17.97979059	0.23
17.96753	0.15
17.934937	-0.244
17.91323	-0.031
17.8719	-0.09
17.8552333	0.09
17.849	-0.308
17.833648	0.01
17.815815	-0.2
17.790037	-0.14
17.784129	-0.046
17.76080053	-0.32
17.738506	0.006
17.671796	0.02
17.6700642	-0.09
17.648312	0.063
17.58752333	0.03
17.460812	-0.028
17.44490636	-0.06
17.42395198	-0.15
17.4211749	0.21
17.406669	-0.183
17.340824	0.009
17.326644	0.155
17.324	-0.315
17.31716585	-0.11
17.308032	-0.298
17.2923453	-0.08
17.28111	-0.85
17.27629612	0
17.265427	-0.039
17.2559	-0.13
17.24	0.06
17.232366	-0.199
17.20523483	-0.1
17.14647302	-0.03
17.1369543	0
17.13263989	-0.1
17.111	0.25
17.054	0.3
17.028937	-0.311
16.934402	-0.036
16.92344113	0.03
16.87727414	0.05
16.8601286	0
16.85837	0.051
16.8320729	0.01
16.79713874	0.01
16.78176602	0.02
16.75255007	0.06
16.738661	-0.071
16.73652231	-0.08
16.725948	-0.272
16.709184	-0.232
16.665863	0.234
16.5861762	0.06
16.57110363	-0.06
16.568087	-0.11
16.56059504	-0.18
16.54964934	0.01
16.54297375	0
16.54080322	0
16.514043	-0.156
16.4735686	-0.24
16.3850021	-0.289
16.3583055	0.3
16.357	0.08
16.33889626	0.13
16.332995	-0.175
16.32976218	-0.03
16.301259	0.04
16.29595382	0
16.2950903	-0.01
16.282493	0.012
16.254611	0.3
16.239494	0.171
16.23855	-0.2
16.2385	0.04
16.2254649	-0.14
16.22371307	0
16.21775407	0
16.1779561	0.04
16.1457	0.18
16.1288853	-0.05
16.10467749	0.05
16.092361	0.553
16.092	0.12
16.088134	0.184
16.087845	0.008
16.08524954	-0.08
16.08066115	-0.02
16.07677615	0
16.068638	-0.109
16.0506213	-0.03
16.01310205	-0.03
16.007583	-0.167
16.00494214	0.06
15.995622	0.05
15.9870174	0.06
15.9654	0.07
15.95994513	0.01
15.955387	-0.097
15.9314739	-0.09
15.906801	-0.014
15.87364565	-0.07
15.86621821	-0.15
15.77979614	-0.01
15.7738221	0.05
15.771044	0.154
15.76491	-0.268
15.74957994	-0.06
15.7259	-0.2
15.677563	-0.533
15.660544	-0.359
15.65562652	-0.02
15.64591713	-0.03
15.6049212	0.06
15.59461874	-0.03
15.5741568	-0.12
15.5712	-0.11
15.56	-0.31
15.5012	-0.11
15.4580567	0.04
15.38231	-0.112
15.3787546	0.03
15.37563332	-0.1
15.368459	0.221
15.36262753	-0.06
15.3587684	0
15.3348	0.41
15.31299	-0.28
15.299	-0.15
15.28469497	-0.02
15.274299	-0.09
15.228958	-0.102
15.18725932	0.03
15.170318	-0.053
15.163161	-0.034
15.1410397	-0.11
15.09	-0.048
15.054786	-0.052
15.0540329	0.03
15.0447198	-0.27
15.0330105	-0.05
15.0217983	0.06
14.97435694	-0.08
14.970418	-0.112
14.88801098	-0.03
14.878296	-0.12
14.871572	0.207
14.85888	0.19
14.844387	-0.094
14.80074836	0.02
14.7967458	0.16
14.751166	-0.009
14.749049	-0.092
14.70748976	0.23
14.677286	0.14
14.667108	-0.618
14.65152	0.31
14.646008	0.012
14.628	-0.38
14.627119	0.012
14.613612	-0.217
14.589347	-0.061
14.58649607	-0.06
14.5665	-0.13
14.5596237	0.05
14.55731705	0.12
14.5564533	0.04
14.5539759	0.06
14.53261362	-0.02
14.53244172	0.02
14.51143	-0.191
14.496481	0.103
14.48585199	0.01
14.476	0.25
14.4541302	-0.03
14.435889	-0.154
14.4273551	-0.01
14.425281	-0.827
14.400974	-0.213
14.383035	-0.297
14.37508035	0
14.37457351	0
14.36267939	0.04
14.3098	0.51
14.30511983	-0.03
14.28226676	-0.09
14.2563227	0.03
14.207	-0.09
14.20443009	-0.02
14.172327	-0.151
14.16399294	-0.01
14.13176026	-0.09
14.12841	0.012
14.09189	-0.03
14.08827448	0.01
14.07971466	0.09
14.03491514	-0.07
14.0329154	-0.05
14.00947528	-0.11
14.00640607	0.04
13.98179	-0.556
13.969457	-0.042
13.93290318	0.08
13.930698	-0.299
13.9093583	0.03
13.89961966	-0.19
13.86375	-0.34
13.83989	-0.2
13.821375	-0.535
13.817124	-0.194
13.7813	-0.28
13.767102	0.238
13.7521072	-0.04
13.751243	-0.178
13.74	-0.16
13.73469807	-0.05
13.726976	-0.106
13.72465129	0.04
13.722341	-0.29
13.71933369	0.03
13.71220213	-0.05
13.699087	-0.361
13.68237119	0.05
13.6473676	0.05
13.64618192	-0.03
13.638723	-0.374
13.62798432	-0.05
13.61159129	-0.145
13.5708	-0.12
13.5630972	0.01
13.5405	-0.108
13.5396293	0.18
13.5225106	0.03
13.5052	0.19
13.4845	-0.073
13.481	-0.17
13.47469571	-0.05
13.3997099	0
13.3675	-0.32
13.342996	-0.26
13.341245	0.025
13.32388301	-0.13
13.32351601	0.14
13.32196237	0.04
13.297004	-0.329
13.2884	-0.04
13.28535633	0.03
13.2543	0.02
13.24934059	0.03
13.24503188	0.21
13.2406	0.26
13.233549	0.143
13.2274528	0.04
13.22713379	-0.03
13.2217576	-0.03
13.2140732	-0.1
13.19722	0.415
13.193242	-0.012
13.1829642	-0.05
13.17562	0.025
13.15141081	0.12
13.14497566	0.02
13.137471	-0.149
13.121632	-0.325
13.0729	0.19
13.07163	-0.064
13.060855	-0.115
13.060022	-0.539
13.0313945	0.07
13.0241	-0.041
13.02365861	-0.01
12.99207337	0.03
12.98495573	-0.13
12.9460978	0.04
12.94130146	0.03
12.92491623	0
12.914	-0.25
12.91375431	0.03
12.904532	-0.157
12.883	-0.131
12.8747099	0.25
12.8345022	-0.1
12.8159	0.02
12.79836	-0.068
12.794585	-0.449
12.762172	-0.171
12.759712	0.072
12.758005	-0.074
12.7204	-0.04
12.718092	-0.243
12.699149	-0.145
12.691112	-0.151
12.645164	-0.332
12.62	0.05
12.61190667	-0.05
12.610584	0.078
12.5720095	-0.02
12.56093	-0.136
12.551158	-0.472
12.53248465	-0.08
12.51616	-0.081
12.513	-0.031
12.509529	-0.497
12.49341307	-0.02
12.465988	-0.202
12.4417	-0.37
12.43931193	-0.01
12.4127754	0.05
12.412183	-0.191
12.39358604	-0.09
12.3764661	-0.09
12.35294	0.04
12.3335	-0.24
12.31043	-0.225
12.309681	-0.57
12.2854603	0.02
12.28	-0.13
12.27065865	-0.16
12.25383217	-0.04
12.247629	-0.091
12.2057513	-0.01
12.162701	-0.314
12.130686	-0.129
12.125934	-0.197
12.12400943	-0.06
12.1097104	-0.1
12.0717249	-0.036
12.06222443	0
12.05707239	0.01
12.04	-0.524
12.00096042	0.09
11.97901	0.077
11.95398936	0.03
11.94014029	0.01
11.932125	0.299
11.922	0.07
11.90715	0.1
11.903515	-0.023
11.8981	-0.09
11.89520511	0.02
11.87456832	0
11.8681707	-0.253
11.837549	-0.233
11.829851	-0.009
11.815007	0.145
11.8104	-0.46
11.79162572	-0.09
11.776	-0.003
11.763051	-0.016
11.759	0.3
11.72292176	0.03
11.72012266	0.07
11.637071	0.026
11.634788	-0.188
11.62905828	0.04
11.6092567	-0.045
11.59822172	-0.02
11.55562343	-0.02
11.55530021	-0.06
11.55102504	0.01
11.55098	0.26
11.5231	0.3
11.51516988	0.07
11.47685909	-0.05
11.476094	-0.151
11.463462	-0.151
11.448708	0.045
11.4433	-0.32
11.427548	-0.777
11.419412	-0.046
11.41928253	-0.17
11.41909375	0.08
11.39109	0.41
11.3910025	-0.03
11.38848	-0.011
11.379349	0.083
11.36112327	-0.01
11.35011917	-0.12
11.349393	-0.309
11.32972	-0.107
11.32271513	-0.03
11.30119217	0.08
11.29695137	-0.02
11.25402929	0.03
11.242861	-0.22
11.20066445	0.04
11.189562	-0.308
11.187161	0.143
11.17931605	0.02
11.17394617	0.01
11.1726994	0.09
11.13125132	0.34
11.12830484	-0.45
11.11990653	-0.04
11.094286	-0.067
11.0895723	0.04
11.08507637	-0.03
11.04603384	0.07
11.03189	-0.051
11.02347475	0.11
11.01816836	-0.08
11.008151	-0.26
10.99469878	0.06
10.95416	0.2
10.945723	-0.125
10.94027841	-0.05
10.937304	-0.161
10.93241	-0.33
10.9295461	-0.02
10.9129343	-0.151
10.8985	0.2
10.864384	-0.08
10.863502	0.22
10.85409089	0.07
10.848463	-0.67
10.8118737	0.04
10.7421	-0.09
10.71252541	-0.35
10.687576	-0.338
10.681572	0.061
10.67607169	0.35
10.664903	-0.046
10.65276707	-0.13
10.640263	-0.345
10.62784997	0.11
10.613839	-0.131
10.60052251	-0.03
10.57375339	0.27
10.56134221	0.05
10.56103	0.28
10.558345	-0.237
10.52629406	0
10.50682565	0.16
10.5016	0.2
10.475464	-0.121
10.45843441	-0.02
10.446347	-0.238
10.423648	0.023
10.423118	-0.297
10.4208	0.19
10.41725184	0.06
10.399931	-0.134
10.381227	0.14
10.37168453	0
10.35863224	0.06
10.35584657	-0.07
10.35533177	0
10.35239	-0.02
10.3507721	0.05
10.349695	-0.533
10.338523	0
10.3384	-0.04
10.327186	-0.718
10.3126	-0.28
10.3117	0.18
10.3108245	0.1
10.3039	-0.041
10.300682	0.184
10.29672521	-0.52
10.290994	-0.19
10.281951	0.052
10.222157	-0.118
10.2184954	-0.12
10.21420496	0.23
10.198545	-0.201
10.139623	-0.911
10.13675	-0.2
10.13389	0.11
10.13202575	-0.1
10.12804789	-0.09
10.11716531	0.02
10.10769068	0.08
10.104665	-0.326
10.08881	0.15
10.065275	-0.011
10.06082567	0.03
10.05537	-0.175
10.05449	-0.32
10.04556931	-0.1
10.043686	-0.034
10.04156	-0.413
10.03538581	-0.08
10.02165	-0.11
10.00652995	0.02
10.00329	-0.12

