   2.00000000     -0.328624368    
   2.00000000      0.265092909    
   2.00000000     -0.819246709    
   2.00000000      -1.00241172    
   2.00000000     -0.276239395    
   2.00000000     -0.203323275    
   2.00000000     -0.363771170    
   2.00000000      0.744576693    
   2.00000000      0.445068270    
   2.00000000     -0.123708412    
   2.00000000     -0.141445562    
   2.00000000      -8.32041726E-02
   2.00000000     -0.413669229    
   2.00000000       2.76100338E-02
   2.00000000     -0.243212581    
   2.00000000     -0.818044484    
   2.00000000     -0.384537578    
   2.00000000       8.37053433E-02
   2.00000000     -0.137276679    
   2.00000000      0.112432986    
   2.00000000      0.161973685    
   2.00000000      -9.03852358E-02
   2.00000000      -7.32345209E-02
   2.00000000      0.580270350    
   2.00000000     -0.745214760    
   2.00000000      0.169085085    
   2.00000000       6.33209869E-02
   2.00000000      0.598279715    
   2.00000000     -0.381515443    
   2.00000000      0.502509415    
   2.00000000      0.658356607    
   2.00000000      0.334076643    
   2.00000000     -0.273794591    
   2.00000000     -0.541514695    
   2.00000000     -0.632075667    
   2.00000000      0.470252603    
   2.00000000      0.932444453    
   2.00000000       3.45541313E-02
   2.00000000      0.145791769    
   2.00000000      -3.35779637E-02
   2.00000000     -0.137418866    
   2.00000000      -5.91970421E-02
   2.00000000      0.173418641    
   2.00000000      -8.29220265E-02
   2.00000000       9.48056579E-03
   2.00000000     -0.219056785    
   2.00000000      0.105129577    
   2.00000000       3.43381912E-02
   2.00000000      0.248727620    
   2.00000000      -3.60519961E-02
   2.00000000     -0.250695527    
   2.00000000      0.404648185    
   2.00000000       5.81486002E-02
   2.00000000      0.181271732    
   2.00000000      0.182226837    
   2.00000000     -0.416059554    
   2.00000000     -0.195167720    
   2.00000000      0.726845741    
   2.00000000      0.218021512    
   2.00000000      0.440293640    
   2.00000000      0.300112784    
   2.00000000      0.240141675    
   2.00000000      0.307831407    
   2.00000000      0.559397399    
   2.00000000      0.192102849    
   2.00000000      0.871622324    
   2.00000000      -5.16574830E-03
   2.00000000      0.908917606    
   2.00000000      0.539624751    
   2.00000000      0.310775936    
   2.00000000       1.23804361E-02
   2.00000000     -0.654035449    
   2.00000000      0.198730201    
   2.00000000      0.193433464    
   2.00000000      0.286771387    
   2.00000000      0.132238790    
   2.00000000       4.62433919E-02
   2.00000000      0.556903183    
   2.00000000      0.231830209    
   2.00000000      0.330842823    
   2.00000000       9.80838910E-02
   2.00000000       9.44532678E-02
   2.00000000      -2.25724503E-02
   2.00000000      0.153325289    
   2.00000000      0.635976970    
   2.00000000      0.168129861    
   2.00000000      0.263196945    
   2.00000000      -3.45476568E-02
   2.00000000      0.408635795    
   2.00000000      -3.40674967E-02
   2.00000000     -0.100760773    
   2.00000000      0.641872168    
   2.00000000      0.555734038    
   2.00000000      0.322129250    
   2.00000000      0.141637325    
   2.00000000       4.34992239E-02
   2.00000000       2.50498354E-02
   2.00000000     -0.103375144    
   2.00000000     -0.200692892    
   2.00000000     -0.316985369    
   2.00000000      0.156044275    
   2.00000000     -0.348541349    
   2.00000000     -0.158841133    
   2.00000000     -0.177283257    
   2.00000000       5.50199673E-02
   2.00000000     -0.188548431    
   2.00000000       2.55410150E-02
   2.00000000       5.94996661E-02
   2.00000000      0.415725440    
   2.00000000      -7.62849376E-02
   2.00000000      0.195804447    
   2.00000000     -0.384226441    
   2.00000000      0.294802666    
   2.00000000       6.25421777E-02
   2.00000000      0.547782123    
   2.00000000      -7.02729598E-02
   2.00000000     -0.221370995    
   2.00000000     -0.908261418    
   2.00000000      0.349711210    
   2.00000000      0.591507852    
   2.00000000      0.384682238    
   2.00000000       2.56783217E-02
   2.00000000     -0.305813342    
   2.00000000      0.293932945    
   2.00000000      -5.88043481E-02
   2.00000000      0.400968641    
   2.00000000      0.914299488    
   2.00000000      -3.69153768E-02
   2.00000000      -4.03266326E-02
   2.00000000     -0.518644691    
   2.00000000      0.963048041    
   2.00000000      0.349892169    
   2.00000000     -0.346801639    
   2.00000000       5.22015691E-02
   6.00000000      0.553669870    
   6.00000000      0.413726538    
   6.00000000      -8.58771428E-02
   6.00000000      -3.36054340E-02
   6.00000000      0.337270975    
   6.00000000      0.264427185    
   6.00000000      0.201214030    
   6.00000000      0.114281513    
   6.00000000      0.180409580    
   6.00000000     -0.633389056    
   6.00000000      0.438657790    
   6.00000000      0.715627074    
   6.00000000       5.50818890E-02
   6.00000000      0.528583765    
   6.00000000     -0.652464390    
   6.00000000     -0.355312258    
   6.00000000       6.13488704E-02
   6.00000000      0.198014185    
   6.00000000      0.288624376    
   5.00000000      0.361915588    
   5.00000000      0.137303293    
   5.00000000      0.703133702    
   5.00000000      0.418455124    
   5.00000000      -9.86264274E-02
   5.00000000     -0.501031578    
   5.00000000     -0.749305427    
   5.00000000     -0.591528833    
   5.00000000     -0.985561252    
   5.00000000     -0.680603504    
   5.00000000     -0.411652446    
   5.00000000     -0.183230013    
   5.00000000      -9.28549543E-02
   5.00000000     -0.524987638    
   5.00000000     -0.171009600    
   4.00000000      0.200529546    
   4.00000000     -0.160902351    
   4.00000000     -0.161828905    
   4.00000000     -0.351342112    
   4.00000000      0.397490412    
   4.00000000      0.349342763    
   4.00000000      0.672837079    
   4.00000000      0.512819707    
   4.00000000      0.362789661    
   4.00000000      0.366787732    
   4.00000000      0.280640632    
   4.00000000     -0.157015920    
   4.00000000      0.465565026    
   4.00000000      0.128544077    
   4.00000000      0.696272314    
   4.00000000      0.385916561    
   4.00000000      0.380327076    
   4.00000000      0.259501874    
   4.00000000       8.29964504E-02
   4.00000000      0.462264419    
   4.00000000     -0.689432740    
   4.00000000     -0.172970057    
   4.00000000     -0.552663028    
   4.00000000     -0.798801839    
   4.00000000       2.89925337E-02
   4.00000000      0.512471974    
   3.00000000      0.262547851    
   3.00000000       5.44862449E-02
   3.00000000     -0.343114495    
   3.00000000     -0.416375399    
   3.00000000      0.150761783    
   3.00000000     -0.243454307    
   3.00000000      0.128379285    
   3.00000000       7.92660192E-02
   3.00000000      0.145785615    
   3.00000000     -0.250307769    
   3.00000000      -7.81355724E-02
   3.00000000       7.46904537E-02
   3.00000000     -0.324483991    
   3.00000000     -0.320504546    
   3.00000000     -0.300134242    
   3.00000000      0.275332719    
   3.00000000      0.865672290    
   3.00000000       1.00698519    
   3.00000000      0.142746061    
   3.00000000      0.309676379    
   3.00000000      0.655428767    
   3.00000000      -6.29025400E-02
   3.00000000      -6.15214780E-02
   3.00000000      -4.27996218E-02
   3.00000000      0.151876569    
   3.00000000      -2.85601020E-02
   3.00000000     -0.319074064    
   3.00000000     -0.627087951    
   3.00000000      0.398970336    
   3.00000000     -0.227284640    
   3.00000000       9.23534930E-02
   3.00000000      -6.35713562E-02
   3.00000000      0.220651150    
   3.00000000     -0.399866760    
   3.00000000      0.163755864    
   3.00000000      0.670729816    
   3.00000000      0.519388080    
   3.00000000     -0.141108721    
   3.00000000       1.58544444E-02
   3.00000000      0.502934277    
   3.00000000       4.70102429E-02
   3.00000000      0.719756424    
   3.00000000       6.65972233E-02
   3.00000000     -0.831790388    
   3.00000000     -0.299588352    
   3.00000000      -7.37209097E-02
   3.00000000     -0.258310378    
