   0.00000000             Infinity
   2.30946881E-03   433.000000    
   4.61893762E-03   216.500000    
   6.92840666E-03   144.333328    
   9.23787523E-03   108.250000    
   1.15473438E-02   86.6000061    
   1.38568133E-02   72.1666641    
   1.61662810E-02   61.8571472    
   1.84757505E-02   54.1250000    
   2.07852200E-02   48.1111107    
   2.30946876E-02   43.3000031    
   2.54041571E-02   39.3636360    
   2.77136266E-02   36.0833321    
   3.00230943E-02   33.3076935    
   3.23325619E-02   30.9285736    
   3.46420333E-02   28.8666668    
   3.69515009E-02   27.0625000    
   3.92609686E-02   25.4705887    
   4.15704399E-02   24.0555553    
   4.38799076E-02   22.7894745    
   4.61893752E-02   21.6500015    
   4.84988466E-02   20.6190472    
   5.08083142E-02   19.6818180    
   5.31177819E-02   18.8260880    
   5.54272532E-02   18.0416660    
   5.77367209E-02   17.3199997    
   6.00461885E-02   16.6538467    
   6.23556599E-02   16.0370369    
   6.46651238E-02   15.4642868    
   6.69745952E-02   14.9310350    
   6.92840666E-02   14.4333334    
   7.15935305E-02   13.9677429    
   7.39030018E-02   13.5312500    
   7.62124732E-02   13.1212120    
   7.85219371E-02   12.7352943    
   8.08314085E-02   12.3714285    
   8.31408799E-02   12.0277777    
   8.54503438E-02   11.7027035    
   8.77598152E-02   11.3947372    
   9.00692865E-02   11.1025639    
   9.23787504E-02   10.8250008    
   9.46882218E-02   10.5609760    
   9.69976932E-02   10.3095236    
   9.93071571E-02   10.0697680    
  0.101616628       9.84090900    
  0.103926100       9.62222195    
  0.106235564       9.41304398    
  0.108545035       9.21276569    
  0.110854506       9.02083302    
  0.113163970       8.83673477    
  0.115473442       8.65999985    
  0.117782913       8.49019623    
  0.120092377       8.32692337    
  0.122401848       8.16981125    
  0.124711320       8.01851845    
  0.127020791       7.87272692    
  0.129330248       7.73214340    
  0.131639719       7.59649134    
  0.133949190       7.46551752    
  0.136258662       7.33898306    
  0.138568133       7.21666670    
  0.140877604       7.09836054    
  0.143187061       6.98387146    
  0.145496532       6.87301588    
  0.147806004       6.76562500    
  0.150115475       6.66153860    
  0.152424946       6.56060600    
  0.154734418       6.46268606    
  0.157043874       6.36764717    
  0.159353346       6.27536249    
  0.161662817       6.18571424    
  0.163972288       6.09859133    
  0.166281760       6.01388884    
  0.168591231       5.93150663    
  0.170900688       5.85135174    
  0.173210159       5.77333355    
  0.175519630       5.69736862    
  0.177829102       5.62337637    
  0.180138573       5.55128193    
  0.182448030       5.48101282    
  0.184757501       5.41250038    
  0.187066972       5.34567928    
  0.189376444       5.28048801    
  0.191685915       5.21686745    
  0.193995386       5.15476179    
  0.196304843       5.09411764    
  0.198614314       5.03488398    
  0.200923786       4.97701168    
  0.203233257       4.92045450    
  0.205542728       4.86516857    
  0.207852200       4.81111097    
  0.210161656       4.75824213    
  0.212471128       4.70652199    
  0.214780599       4.65591383    
  0.217090070       4.60638285    
  0.219399542       4.55789471    
  0.221709013       4.51041651    
  0.224018469       4.46391773    
  0.226327941       4.41836739    
  0.228637412       4.37373734    
  0.230946884       4.32999992    
  0.233256355       4.28712845    
  0.235565826       4.24509811    
  0.237875283       4.20388365    
  0.240184754       4.16346169    
  0.242494226       4.12380934    
  0.244803697       4.08490562    
  0.247113168       4.04672909    
  0.249422640       4.00925922    
  0.251732111       3.97247696    
  0.254041582       3.93636346    
  0.256351054       3.90090060    
  0.258660495       3.86607170    
  0.260969967       3.83185863    
  0.263279438       3.79824567    
  0.265588909       3.76521754    
  0.267898381       3.73275876    
  0.270207852       3.70085478    
  0.272517323       3.66949153    
  0.274826795       3.63865542    
  0.277136266       3.60833335    
  0.279445738       3.57851219    
  0.281755209       3.54918027    
  0.284064651       3.52032542    
  0.286374122       3.49193573    
  0.288683593       3.46400023    
  0.290993065       3.43650794    
  0.293302536       3.40944886    
  0.295612007       3.38281250    
  0.297921479       3.35658908    
  0.300230950       3.33076930    
  0.302540421       3.30534339    
  0.304849893       3.28030300    
  0.307159364       3.25563908    
  0.309468836       3.23134303    
  0.311778277       3.20740747    
  0.314087749       3.18382359    
  0.316397220       3.16058397    
  0.318706691       3.13768125    
  0.321016163       3.11510801    
  0.323325634       3.09285712    
  0.325635105       3.07092190    
  0.327944577       3.04929566    
  0.330254048       3.02797198    
  0.332563519       3.00694442    
  0.334872991       2.98620677    
  0.337182462       2.96575332    
  0.339491904       2.94557834    
  0.341801375       2.92567587    
  0.344110847       2.90604043    
  0.346420318       2.88666677    
  0.348729789       2.86754966    
  0.351039261       2.84868431    
  0.353348732       2.83006525    
  0.355658203       2.81168818    
  0.357967675       2.79354835    
  0.360277146       2.77564096    
  0.362586617       2.75796175    
  0.364896059       2.74050641    
  0.367205530       2.72327042    
  0.369515002       2.70625019    
  0.371824473       2.68944097    
  0.374133945       2.67283964    
  0.376443416       2.65644169    
  0.378752887       2.64024401    
  0.381062359       2.62424231    
  0.383371830       2.60843372    
  0.385681301       2.59281421    
  0.387990773       2.57738090    
  0.390300244       2.56212997    
  0.392609686       2.54705882    
  0.394919157       2.53216386    
  0.397228628       2.51744199    
  0.399538100       2.50289011    
  0.401847571       2.48850584    
  0.404157043       2.47428584    
  0.406466514       2.46022725    
  0.408775985       2.44632769    
  0.411085457       2.43258429    
  0.413394928       2.41899443    
  0.415704399       2.40555549    
  0.418013871       2.39226508    
  0.420323312       2.37912107    
  0.422632784       2.36612034    
  0.424942255       2.35326099    
  0.427251726       2.34054065    
  0.429561198       2.32795691    
  0.431870669       2.31550813    
  0.434180140       2.30319142    
  0.436489612       2.29100537    
  0.438799083       2.27894735    
  0.441108555       2.26701570    
  0.443418026       2.25520825    
  0.445727497       2.24352336    
  0.448036939       2.23195887    
  0.450346410       2.22051287    
  0.452655882       2.20918369    
  0.454965353       2.19796968    
  0.457274824       2.18686867    
  0.459584296       2.17587948    
  0.461893767       2.16499996    
  0.464203238       2.15422893    
  0.466512710       2.14356422    
  0.468822181       2.13300490    
  0.471131653       2.12254906    
  0.473441094       2.11219525    
  0.475750566       2.10194182    
  0.478060037       2.09178758    
  0.480369508       2.08173084    
  0.482678980       2.07177043    
  0.484988451       2.06190467    
  0.487297922       2.05213261    
  0.489607394       2.04245281    
  0.491916865       2.03286386    
  0.494226336       2.02336454    
  0.496535808       2.01395345    
  0.498845279       2.00462961    
  0.501154721       1.99539173    
  0.503464222       1.98623848    
  0.505773664       1.97716904    
  0.508083165       1.96818173    
  0.510392606       1.95927608    
  0.512702107       1.95045030    
  0.515011549       1.94170403    
  0.517320991       1.93303585    
  0.519630492       1.92444444    
  0.521939933       1.91592932    
  0.524249434       1.90748894    
  0.526558876       1.89912283    
  0.528868377       1.89082968    
  0.531177819       1.88260877    
  0.533487320       1.87445879    
  0.535796762       1.86637938    
  0.538106263       1.85836899    
  0.540415704       1.85042739    
  0.542725146       1.84255326    
  0.545034647       1.83474576    
  0.547344089       1.82700431    
  0.549653590       1.81932771    
  0.551963031       1.81171548    
  0.554272532       1.80416667    
  0.556581974       1.79668057    
  0.558891475       1.78925610    
  0.561200917       1.78189301    
  0.563510418       1.77459013    
  0.565819860       1.76734698    
  0.568129301       1.76016271    
  0.570438802       1.75303638    
  0.572748244       1.74596786    
  0.575057745       1.73895586    
  0.577367187       1.73200011    
  0.579676688       1.72509956    
  0.581986129       1.71825397    
  0.584295630       1.71146238    
  0.586605072       1.70472443    
  0.588914573       1.69803917    
  0.591224015       1.69140625    
  0.593533516       1.68482482    
  0.595842957       1.67829454    
  0.598152399       1.67181480    
  0.600461900       1.66538465    
  0.602771342       1.65900385    
  0.605080843       1.65267169    
  0.607390285       1.64638793    
  0.609699786       1.64015150    
  0.612009227       1.63396227    
  0.614318728       1.62781954    
  0.616628170       1.62172282    
  0.618937671       1.61567152    
  0.621247113       1.60966539    
  0.623556554       1.60370374    
  0.625866055       1.59778595    
  0.628175497       1.59191179    
  0.630484998       1.58608055    
  0.632794440       1.58029199    
  0.635103941       1.57454538    
  0.637413383       1.56884062    
  0.639722884       1.56317687    
  0.642032325       1.55755401    
  0.644341826       1.55197132    
  0.646651268       1.54642856    
  0.648960710       1.54092538    
  0.651270211       1.53546095    
  0.653579652       1.53003538    
  0.655889153       1.52464783    
  0.658198595       1.51929832    
  0.660508096       1.51398599    
  0.662817538       1.50871086    
  0.665127039       1.50347221    
  0.667436481       1.49826992    
  0.669745982       1.49310338    
  0.672055423       1.48797250    
  0.674364924       1.48287666    
  0.676674366       1.47781575    
  0.678983808       1.47278917    
  0.681293309       1.46779656    
  0.683602750       1.46283793    
  0.685912251       1.45791245    
  0.688221693       1.45302022    
  0.690531194       1.44816053    
  0.692840636       1.44333339    
  0.695150137       1.43853819    
  0.697459579       1.43377483    
  0.699769080       1.42904282    
  0.702078521       1.42434216    
  0.704387963       1.41967213    
  0.706697464       1.41503263    
  0.709006906       1.41042352    
  0.711316407       1.40584409    
  0.713625848       1.40129459    
  0.715935349       1.39677417    
  0.718244791       1.39228296    
  0.720554292       1.38782048    
  0.722863734       1.38338661    
  0.725173235       1.37898088    
  0.727482677       1.37460315    
  0.729792118       1.37025321    
  0.732101619       1.36593056    
  0.734411061       1.36163521    
  0.736720562       1.35736680    
  0.739030004       1.35312510    
  0.741339505       1.34890962    
  0.743648946       1.34472048    
  0.745958447       1.34055722    
  0.748267889       1.33641982    
  0.750577390       1.33230770    
  0.752886832       1.32822084    
  0.755196333       1.32415903    
  0.757505774       1.32012200    
  0.759815216       1.31610942    
  0.762124717       1.31212115    
  0.764434159       1.30815709    
  0.766743660       1.30421686    
  0.769053102       1.30030036    
  0.771362603       1.29640710    
  0.773672044       1.29253733    
  0.775981545       1.28869045    
  0.778290987       1.28486645    
  0.780600488       1.28106499    
  0.782909930       1.27728617    
  0.785219371       1.27352941    
  0.787528872       1.26979470    
  0.789838314       1.26608193    
  0.792147815       1.26239061    
  0.794457257       1.25872099    
  0.796766758       1.25507247    
  0.799076200       1.25144506    
  0.801385701       1.24783862    
  0.803695142       1.24425292    
  0.806004643       1.24068761    
  0.808314085       1.23714292    
  0.810623586       1.23361814    
  0.812933028       1.23011363    
  0.815242469       1.22662890    
  0.817551970       1.22316384    
  0.819861412       1.21971834    
  0.822170913       1.21629214    
  0.824480355       1.21288514    
  0.826789856       1.20949721    
  0.829099298       1.20612812    
  0.831408799       1.20277774    
  0.833718240       1.19944596    
  0.836027741       1.19613254    
  0.838337183       1.19283748    
  0.840646625       1.18956053    
  0.842956126       1.18630135    
  0.845265567       1.18306017    
  0.847575068       1.17983651    
  0.849884510       1.17663050    
  0.852194011       1.17344177    
  0.854503453       1.17027032    
  0.856812954       1.16711593    
  0.859122396       1.16397846    
  0.861431897       1.16085792    
  0.863741338       1.15775406    
  0.866050780       1.15466666    
  0.868360281       1.15159571    
  0.870669723       1.14854109    
  0.872979224       1.14550269    
  0.875288665       1.14248025    
  0.877598166       1.13947368    
  0.879907608       1.13648295    
  0.882217109       1.13350785    
  0.884526551       1.13054836    
  0.886836052       1.12760413    
  0.889145494       1.12467527    
  0.891454995       1.12176168    
  0.893764436       1.11886311    
  0.896073878       1.11597943    
  0.898383379       1.11311054    
  0.900692821       1.11025643    
  0.903002322       1.10741687    
  0.905311763       1.10459185    
  0.907621264       1.10178113    
  0.909930706       1.09898484    
  0.912240207       1.09620249    
  0.914549649       1.09343433    
  0.916859150       1.09068012    
  0.919168591       1.08793974    
  0.921478033       1.08521307    
  0.923787534       1.08249998    
  0.926096976       1.07980049    
  0.928406477       1.07711446    
  0.930715919       1.07444167    
  0.933025420       1.07178211    
  0.935334861       1.06913579    
  0.937644362       1.06650245    
  0.939953804       1.06388211    
  0.942263305       1.06127453    
  0.944572747       1.05867970    
  0.946882188       1.05609763    
  0.949191689       1.05352795    
  0.951501131       1.05097091    
  0.953810632       1.04842615    
  0.956120074       1.04589379    
  0.958429575       1.04337347    
  0.960739017       1.04086542    
  0.963048518       1.03836930    
  0.965357959       1.03588521    
  0.967667460       1.03341281    
  0.969976902       1.03095233    
  0.972286403       1.02850354    
  0.974595845       1.02606630    
  0.976905286       1.02364063    
  0.979214787       1.02122641    
  0.981524229       1.01882350    
  0.983833730       1.01643193    
  0.986143172       1.01405156    
  0.988452673       1.01168227    
  0.990762115       1.00932407    
  0.993071616       1.00697672    
  0.995381057       1.00464034    
  0.997690558       1.00231481    
   1.00000000       1.00000000    
