   1.32631033E-06   1.00000000    
   3.82447105E-08   1.00000000    
   1.27912779E-06   1.00000000    
   1.34762752E-06   1.00000000    
   1.23210668E-06   1.00000000    
   1.30060641E-06   1.00000000    
   1.25406947E-08   1.00000000    
   1.25342240E-06   1.00000000    
   1.32184209E-06   1.00000000    
   3.38578410E-08   1.00000000    
   1.27481962E-06   1.00000000    
   1.34331924E-06   1.00000000    
   1.22771837E-06   1.00000000    
   1.29613682E-06   1.00000000    
   8.07107980E-09   1.00000000    
   1.24895416E-06   1.00000000    
   1.31745389E-06   1.00000000    
   2.94696161E-08   1.00000000    
   1.27043268E-06   1.00000000    
   1.33885101E-06   1.00000000    
   5.07053741E-08   1.00000000    
   1.29166847E-06   1.00000000    
   3.68421071E-09   1.00000000    
   1.24464589E-06   1.00000000    
   1.31314573E-06   1.00000000    
   2.50000003E-08   1.00000000    
   1.26596308E-06   1.00000000    
   1.33438141E-06   1.00000000    
   4.63971759E-08   1.00000000    
   1.28728016E-06   1.00000000    
   1.35578000E-06   1.00000000    
   1.24025905E-06   1.00000000    
   1.30867750E-06  0.999000013    
   2.05317416E-08  0.999000013    
   1.26149484E-06  0.999000013    
   1.32999457E-06  0.999000013    
   4.20103099E-08  0.999000013    
   1.28297211E-06  0.999000013    
   1.35131029E-06  0.998000026    
   1.23578945E-06  0.998000026    
   1.30412775E-06  0.998000026    
   1.62249059E-08  0.998000026    
   1.25710665E-06  0.998000026    
   1.32560638E-06  0.998000026    
   3.75406941E-08  0.996999979    
   1.27850376E-06  0.996999979    
   1.34684217E-06  0.995999992    
   1.23132122E-06  0.995999992    
   1.29982095E-06  0.995999992    
   1.18366792E-08  0.995000005    
   1.25279837E-06  0.995000005    
   1.32113678E-06  0.994000018    
   3.30724355E-08  0.994000018    
   1.27395413E-06  0.992999971    
   1.34253526E-06  0.992999971    
   1.22693302E-06  0.991999984    
   1.29543264E-06  0.990999997    
   7.36706474E-09  0.990999997    
   1.24824874E-06   1.00000000    
   1.31666854E-06  0.999000013    
   2.86842106E-08  0.998000026    
   1.26964733E-06  0.996999979    
   1.33814706E-06  0.995999992    
   5.00813861E-08  0.995000005    
   1.29096316E-06  0.994000018    
   2.89880631E-09  0.992999971    
   1.24378050E-06  0.990999997    
   1.31236163E-06   1.00000000    
   2.43773748E-08  0.999000013    
   1.26525913E-06  0.996999979    
   1.33367746E-06  0.995000005    
   4.56131311E-08  0.994000018    
   1.28649481E-06  0.991999984    
   1.35499454E-06   1.00000000    
   1.23947370E-06  0.998000026    
   1.30797343E-06  0.995999992    
   1.99077590E-08  0.994000018    
   1.26078942E-06  0.991999984    
   1.32920923E-06   1.00000000    
   4.12249044E-08  0.996999979    
   1.28210661E-06  0.995000005    
   1.35068774E-06  0.991999984    
   1.23508551E-06  0.999000013    
   1.30350384E-06  0.995999992    
   1.53581112E-08  0.992999971    
   1.25632118E-06   1.00000000    
   1.32482103E-06  0.995999992    
   3.68366813E-08  0.991999984    
   1.27779981E-06  0.999000013    
   1.34621814E-06  0.995000005    
   1.23061591E-06  0.990999997    
   1.29903549E-06  0.996999979    
   1.10512755E-08  0.991999984    
   1.25193299E-06  0.996999979    
   1.32051412E-06  0.992999971    
   3.23670655E-08  0.998000026    
   1.27333010E-06  0.991999984    
   1.34166851E-06  0.996999979    
   5.37656000E-08  0.991999984    
   1.29464729E-06  0.995999992    
   6.66304967E-09   1.00000000    
   1.24762619E-06  0.994000018    
   1.31596448E-06  0.996999979    
   2.78988050E-08   1.00000000    
   1.26886198E-06  0.992999971    
   1.33736171E-06  0.995999992    
   4.93773769E-08  0.998000026    
   1.29034049E-06  0.990999997    
   2.19343455E-09  0.992999971    
   1.24315659E-06  0.994000018    
   1.31149477E-06  0.995999992    
   2.35919693E-08  0.996999979    
   1.26447367E-06  0.996999979    
   1.33297340E-06  0.998000026    
   4.49077575E-08  0.998000026    
   1.28579086E-06  0.998000026    
   1.35420919E-06  0.996999979    
   1.23868824E-06  0.995999992    
   1.30718797E-06  0.995000005    
   1.92037426E-08  0.992999971    
   1.26008547E-06  0.990999997    
   1.32850380E-06  0.999000013    
   4.04395024E-08  0.995999992    
   1.28132126E-06  0.992999971    
   1.34982099E-06  0.999000013    
   1.23430004E-06  0.995000005    
   1.30279977E-06  0.990999997    
   1.47341295E-08  0.995999992    
   1.25561724E-06   1.00000000    
   1.32403557E-06  0.994000018    
   3.60512757E-08  0.998000026    
   1.27701435E-06  0.990999997    
   1.34551419E-06  0.994000018    
   1.22991185E-06  0.995999992    
   1.29833018E-06  0.996999979    
   1.02658708E-08  0.998000026    
   1.25114764E-06  0.999000013    
   1.31964725E-06  0.999000013    
   3.17444382E-08  0.999000013    
   1.27262615E-06  0.996999979    
   1.34104448E-06  0.995999992    
   5.28988089E-08  0.992999971    
   1.29386194E-06   1.00000000    
   5.87764548E-09  0.996999979    
   1.24684072E-06  0.991999984    
   1.31534046E-06  0.998000026    
   2.71947922E-08  0.991999984    
   1.26815792E-06  0.995999992    
   1.33657625E-06  0.999000013    
   4.85919678E-08  0.990999997    
   1.28947363E-06  0.992999971    
   1.57080848E-09  0.994000018    
   1.24245253E-06  0.994000018    
   1.31087086E-06  0.992999971    
   2.27251764E-08  0.991999984    
   1.26368832E-06   1.00000000    
   1.33218805E-06  0.996999979    
   4.42037447E-08  0.992999971    
   1.28516683E-06  0.998000026    
   1.35350513E-06  0.992999971    
   1.23798429E-06  0.995999992    
   1.30640262E-06  0.998000026    
   1.84183406E-08   1.00000000    
   1.25930012E-06  0.990999997    
   1.32779974E-06  0.990999997    
   3.97354860E-08   1.00000000    
   1.28069723E-06  0.998000026    
   1.34903553E-06  0.995000005    
   1.23351458E-06  0.990999997    
   1.30201431E-06  0.995999992    
   1.40301148E-08   1.00000000    
   1.25499321E-06  0.992999971    
   1.32333150E-06  0.994000018    
   3.52658702E-08  0.995000005    
   1.27622900E-06  0.994000018    
   1.34472873E-06  0.991999984    
   5.67444403E-08  0.999000013    
   1.29762611E-06  0.995000005    
   9.56185531E-09   1.00000000    
   1.25052361E-06  0.994000018    
   1.31886191E-06  0.995999992    
   3.08776471E-08  0.996999979    
   1.27184080E-06  0.995999992    
   1.34034053E-06  0.995000005    
   5.22761781E-08  0.990999997    
   1.29315788E-06  0.996999979    
   5.09224085E-09  0.990999997    
   1.24605526E-06  0.994000018    
   1.31455511E-06  0.995000005    
   2.65708078E-08  0.995000005    
   1.26745260E-06  0.994000018    
   1.33587218E-06  0.990999997    
   4.78065658E-08  0.995999992    
   1.28868828E-06   1.00000000    
   7.04015179E-10  0.992999971    
   1.24166706E-06  0.994000018    
   1.31016679E-06  0.992999971    
   2.21025509E-08   1.00000000    
   1.26298426E-06  0.995999992    
   1.33140259E-06   1.00000000    
   4.34183391E-08  0.991999984    
   1.28438148E-06  0.992999971    
   1.35288121E-06  0.990999997    
   1.23727887E-06  0.999000013    
   1.30569856E-06  0.994000018    
   1.76329351E-08  0.996999979    
   1.25851466E-06  0.998000026    
   1.32701439E-06  0.998000026    
   3.90301160E-08  0.995000005    
   1.27999328E-06  0.990999997    
   1.34841287E-06  0.994000018    
   6.02658758E-08  0.995000005    
   1.30122896E-06  0.995000005    
   1.32447093E-08  0.991999984    
   1.25420775E-06  0.996999979    
   1.32270748E-06   1.00000000    
   3.45618574E-08  0.990999997    
   1.27552494E-06  0.999000013    
   1.34394327E-06  0.995000005    
   5.59590312E-08  0.999000013    
   1.29684076E-06  0.990999997    
   8.85648355E-09  0.990999997    
   1.24981955E-06  0.996999979    
   1.31823936E-06  0.991999984    
   3.00922416E-08  0.992999971    
   1.27105534E-06  0.992999971    
   1.33955507E-06   1.00000000    
   5.15708116E-08  0.994000018    
   1.29253397E-06  0.998000026    
   4.38822578E-09  0.995999992    
   1.24535131E-06  0.992999971    
   1.31376964E-06  0.994000018    
   2.57854058E-08  0.995000005    
   1.26666714E-06  0.995999992    
   1.33516676E-06   1.00000000    
   4.71025494E-08  0.994000018    
   1.28806562E-06  0.991999984    
   1.35640266E-06  0.999000013    
   1.24088172E-06   1.00000000    
   1.30938145E-06  0.990999997    
   2.13971791E-08  0.991999984    
   1.26236023E-06  0.995999992    
   1.33069864E-06  0.994000018    
   4.26329372E-08  0.991999984    
   1.28359613E-06  0.999000013    
   1.35209575E-06   1.00000000    
   1.23649352E-06  0.995000005    
   1.30499325E-06  0.999000013    
   1.69289205E-08  0.992999971    
   1.25789200E-06  0.990999997    
   1.32622893E-06  0.991999984    
   3.82447105E-08  0.992999971    
   1.27920782E-06  0.994000018    
   1.34770755E-06  0.991999984    
   5.96432486E-08  0.996999979    
   1.30052501E-06  0.998000026    
   1.24593065E-08  0.995999992    
   1.25342240E-06   1.00000000    
   1.32192213E-06  0.995000005    
   3.38578410E-08   1.00000000    
   1.27481962E-06  0.990999997    
   1.34323932E-06  0.991999984    
   5.51736292E-08  0.992999971    
   1.29613682E-06  0.998000026    
   8.07107980E-09  0.995999992    
   1.24903420E-06  0.994000018    
   1.31745389E-06  0.995000005    
   2.94696161E-08   1.00000000    
   1.27035128E-06  0.995000005    
   1.33885101E-06  0.992999971    
   5.07854025E-08  0.995000005    
   1.29174850E-06  0.995999992    
   3.68421071E-09  0.990999997    
   1.24464589E-06  0.999000013    
   1.31306570E-06  0.996999979    
   2.50000003E-08  0.992999971    
   1.26596308E-06  0.998000026    
   1.33438141E-06  0.992999971    
   4.63971759E-08  0.995000005    
   1.28728016E-06  0.995999992    
   1.35578000E-06  0.990999997    
   1.24017765E-06  0.999000013    
   1.30867750E-06  0.998000026    
   2.06117736E-08  0.992999971    
   1.26157488E-06  0.999000013    
   1.32999457E-06  0.996999979    
   4.19289208E-08  0.999000013    
   1.28289196E-06  0.990999997    
   1.35131029E-06   1.00000000    
   6.33260981E-08  0.998000026    
   1.30420779E-06   1.00000000    
   1.62249059E-08  0.995999992    
   1.25710665E-06  0.994000018    
   1.32560638E-06  0.996999979    
   3.75406941E-08  0.991999984    
   1.27850376E-06  0.990999997    
   1.34692209E-06   1.00000000    
   5.88578395E-08  0.995000005    
   1.29982095E-06  0.994000018    
   1.17552910E-08  0.992999971    
   1.25271845E-06  0.999000013    
   1.32113678E-06  0.994000018    
   3.31524710E-08  0.994000018    
   1.27403553E-06  0.999000013    
   1.34253526E-06  0.995000005    
   5.44696128E-08  0.998000026    
   1.29543264E-06   1.00000000    
   7.36706474E-09  0.999000013    
   1.24824874E-06  0.991999984    
   1.31674847E-06  0.998000026    
   2.86842106E-08  0.994000018    
   1.26964733E-06  0.996999979    
   1.33806566E-06  0.992999971    
   5.00813861E-08  0.995999992    
   1.29096316E-06  0.998000026    
   2.97883895E-09  0.995000005    
   1.24386190E-06  0.998000026    
   1.31236163E-06  0.994000018    
   2.42959839E-08  0.994000018    
   1.26517773E-06  0.996999979    
   1.33367746E-06  0.996999979    
   4.56131311E-08  0.995999992    
   1.28657484E-06  0.992999971    
   1.35499454E-06  0.991999984    
   1.23947370E-06  0.999000013    
   1.30789203E-06  0.995999992    
   1.99077590E-08  0.999000013    
   1.26078942E-06  0.999000013    
   1.32928926E-06  0.999000013    
   4.12249044E-08  0.995999992    
   1.28210661E-06   1.00000000    
   1.35060634E-06  0.996999979    
   6.25406926E-08  0.996999979    
   1.30350384E-06  0.990999997    
   1.54395003E-08  0.990999997    
   1.25640122E-06  0.998000026    
   1.32482103E-06  0.995000005    
   3.68366813E-08  0.991999984    
   1.27771841E-06  0.999000013    
   1.34621814E-06  0.996999979    
   5.81538231E-08  0.994000018    
   1.29903549E-06  0.991999984    
   1.10512755E-08  0.991999984    
   1.25193299E-06  0.995999992    
   1.32043272E-06  0.996999979    
   3.23670655E-08  0.991999984    
   1.27333010E-06  0.995999992    
   1.34174991E-06   1.00000000    
   5.37656000E-08  0.995000005    
   1.29464729E-06  0.992999971    
   6.66304967E-09  0.996999979    
   1.24754479E-06  0.995000005    
   1.31596448E-06   1.00000000    
   2.79801959E-08  0.990999997    
   1.26886198E-06  0.999000013    
   1.33736171E-06  0.990999997    
   4.92959842E-08  0.999000013    
   1.29025909E-06  0.996999979    
   6.62249064E-08  0.991999984    
   1.47341295E-08  0.996999979    
   1.31964725E-06  0.996999979    
   1.26815792E-06  0.994000018    
   4.41223555E-08  0.990999997    
   1.34911693E-06  0.990999997    
   1.29762611E-06  0.999000013    
   1.24605526E-06  0.992999971    
   2.21025509E-08   1.00000000    
   1.32701439E-06  0.998000026    
   1.27552494E-06  0.995000005    
   5.14907761E-08  0.992999971    
   0.00000000      0.995999992    
   1.30495391E-06  0.994000018    
   1.25342240E-06   1.00000000    
   2.94289197E-08   1.00000000    
   1.33442222E-06  0.995999992    
   1.28289196E-06  0.999000013    
   5.88985323E-08  0.995000005    
   7.36706474E-09  0.995999992    
   1.31232093E-06   1.00000000    
   1.26078942E-06  0.991999984    
   3.67959849E-08  0.996999979    
   1.34174991E-06  0.994000018    
   1.29025909E-06  0.995999992    
   6.62249064E-08  0.995999992    
   1.47341295E-08  0.994000018    
   1.31968807E-06  0.991999984    
   1.26815792E-06  0.996999979    
   4.41630483E-08  0.991999984    
   1.34911693E-06  0.998000026    
   1.29758553E-06  0.991999984    
   7.35919699E-08  0.995000005    
   2.20618563E-08  0.995999992    
   1.32705509E-06  0.995000005    
   1.27552494E-06  0.995999992    
   5.15301117E-08  0.995000005    
   0.00000000      0.998000026    
   1.30495391E-06  0.996999979    
   8.09590333E-08  0.996999979    
   2.94492661E-08   1.00000000    
   1.33440176E-06  0.999000013    
   1.28289196E-06  0.995999992    
   5.88781859E-08  0.995000005    
   7.36706474E-09   1.00000000    
   1.31232093E-06  0.991999984    
   1.26080977E-06  0.999000013    
   3.67959849E-08  0.992999971    
   1.34177026E-06  0.995000005    
   1.34544086E-06  0.999909997    
   1.34912239E-06  0.999930024    
   1.35280379E-06  0.999920011    
   1.35648404E-12  0.999989986    
   3.68366813E-08  0.999989986    
   1.24609608E-06  0.999939978    
   1.28291242E-06  0.999939978    
   1.31967715E-06  0.999992013    
   9.49538798E-12  0.999993026    
   3.67756385E-08  0.999996006    
   7.35919699E-08  0.999999881    
   1.28287707E-06  0.999999523    
   0.00000000      0.999999523    
