   0.00000000       0.00000000    
   2.30946881E-03   1.23178898E-08
   4.61893762E-03   9.85431186E-08
   6.92840666E-03   3.32583056E-07
   9.23787523E-03   7.88344948E-07
   1.15473438E-02   1.53973610E-06
   1.38568133E-02   2.66066445E-06
   1.61662810E-02   4.22503535E-06
   1.84757505E-02   6.30675959E-06
   2.07852200E-02   8.97974223E-06
   2.30946876E-02   1.23178888E-05
   2.54041571E-02   1.63951117E-05
   2.77136266E-02   2.12853156E-05
   3.00230943E-02   2.70624023E-05
   3.23325619E-02   3.38002828E-05
   3.46420333E-02   4.15728828E-05
   3.69515009E-02   5.04540767E-05
   3.92609686E-02   6.05177847E-05
   4.15704399E-02   7.18379379E-05
   4.38799076E-02   8.44884053E-05
   4.61893752E-02   9.85431107E-05
   4.84988466E-02   1.14075985E-04
   5.08083142E-02   1.31160894E-04
   5.31177819E-02   1.49871761E-04
   5.54272532E-02   1.70282525E-04
   5.77367209E-02   1.92467036E-04
   6.00461885E-02   2.16499218E-04
   6.23556599E-02   2.42453039E-04
   6.46651238E-02   2.70402263E-04
   6.69745952E-02   3.00421001E-04
   6.92840666E-02   3.32583062E-04
   7.15935305E-02   3.66962195E-04
   7.39030018E-02   4.03632614E-04
   7.62124732E-02   4.42668039E-04
   7.85219371E-02   4.84142278E-04
   8.08314085E-02   5.28129516E-04
   8.31408799E-02   5.74703503E-04
   8.54503438E-02   6.23937987E-04
   8.77598152E-02   6.75907242E-04
   9.00692865E-02   7.30684958E-04
   9.23787504E-02   7.88344885E-04
   9.46882218E-02   8.48961296E-04
   9.69976932E-02   9.12607880E-04
   9.93071571E-02   9.79358447E-04
  0.101616628       1.04928715E-03
  0.103926100       1.12246780E-03
  0.106235564       1.19897409E-03
  0.108545035       1.27888029E-03
  0.110854506       1.36226020E-03
  0.113163970       1.44918729E-03
  0.115473442       1.53973629E-03
  0.117782913       1.63398054E-03
  0.120092377       1.73199375E-03
  0.122401848       1.83385052E-03
  0.124711320       1.93962432E-03
  0.127020791       2.04938930E-03
  0.129330248       2.16321810E-03
  0.131639719       2.28118664E-03
  0.133949190       2.40336801E-03
  0.136258662       2.52983579E-03
  0.138568133       2.66066450E-03
  0.140877604       2.79592723E-03
  0.143187061       2.93569756E-03
  0.145496532       3.08005116E-03
  0.147806004       3.22906091E-03
  0.150115475       3.38280061E-03
  0.152424946       3.54134431E-03
  0.154734418       3.70476604E-03
  0.157043874       3.87313822E-03
  0.159353346       4.04653745E-03
  0.161662817       4.22503613E-03
  0.163972288       4.40870831E-03
  0.166281760       4.59762802E-03
  0.168591231       4.79186932E-03
  0.170900688       4.99150390E-03
  0.173210159       5.19660953E-03
  0.175519630       5.40725794E-03
  0.177829102       5.62352315E-03
  0.180138573       5.84547967E-03
  0.182448030       6.07319921E-03
  0.184757501       6.30675908E-03
  0.187066972       6.54623145E-03
  0.189376444       6.79169036E-03
  0.191685915       7.04320939E-03
  0.193995386       7.30086304E-03
  0.196304843       7.56472303E-03
  0.198614314       7.83486757E-03
  0.200923786       8.11136700E-03
  0.203233257       8.39429721E-03
  0.205542728       8.68373085E-03
  0.207852200       8.97974242E-03
  0.210161656       9.28240363E-03
  0.212471128       9.59179271E-03
  0.214780599       9.90798045E-03
  0.217090070       1.02310423E-02
  0.219399542       1.05610508E-02
  0.221709013       1.08980816E-02
  0.224018469       1.12422043E-02
  0.226327941       1.15934983E-02
  0.228637412       1.19520361E-02
  0.230946884       1.23178903E-02
  0.233256355       1.26911346E-02
  0.235565826       1.30718444E-02
  0.237875283       1.34600895E-02
  0.240184754       1.38559500E-02
  0.242494226       1.42594967E-02
  0.244803697       1.46708041E-02
  0.247113168       1.50899449E-02
  0.249422640       1.55169945E-02
  0.251732111       1.59520265E-02
  0.254041582       1.63951144E-02
  0.256351054       1.68463308E-02
  0.258660495       1.73057448E-02
  0.260969967       1.77734438E-02
  0.263279438       1.82494931E-02
  0.265588909       1.87339690E-02
  0.267898381       1.92269441E-02
  0.270207852       1.97284929E-02
  0.272517323       2.02386864E-02
  0.274826795       2.07576044E-02
  0.277136266       2.12853160E-02
  0.279445738       2.18218956E-02
  0.281755209       2.23674178E-02
  0.284064651       2.29219496E-02
  0.286374122       2.34855805E-02
  0.288683593       2.40583755E-02
  0.290993065       2.46404093E-02
  0.293302536       2.52317563E-02
  0.295612007       2.58324873E-02
  0.297921479       2.64426786E-02
  0.300230950       2.70624049E-02
  0.302540421       2.76917368E-02
  0.304849893       2.83307545E-02
  0.307159364       2.89795268E-02
  0.309468836       2.96381284E-02
  0.311778277       3.03066242E-02
  0.314087749       3.09851058E-02
  0.316397220       3.16736400E-02
  0.318706691       3.23722996E-02
  0.321016163       3.30811590E-02
  0.323325634       3.38002890E-02
  0.325635105       3.45297679E-02
  0.327944577       3.52696665E-02
  0.330254048       3.60200629E-02
  0.332563519       3.67810242E-02
  0.334872991       3.75526287E-02
  0.337182462       3.83349545E-02
  0.339491904       3.91280539E-02
  0.341801375       3.99320312E-02
  0.344110847       4.07469496E-02
  0.346420318       4.15728763E-02
  0.348729789       4.24098894E-02
  0.351039261       4.32580635E-02
  0.353348732       4.41174731E-02
  0.355658203       4.49881852E-02
  0.357967675       4.58702855E-02
  0.360277146       4.67638373E-02
  0.362586617       4.76689190E-02
  0.364896059       4.85855937E-02
  0.367205530       4.95139584E-02
  0.369515002       5.04540727E-02
  0.371824473       5.14060110E-02
  0.374133945       5.23698516E-02
  0.376443416       5.33456616E-02
  0.378752887       5.43335229E-02
  0.381062359       5.53335026E-02
  0.383371830       5.63456751E-02
  0.385681301       5.73701188E-02
  0.387990773       5.84069043E-02
  0.390300244       5.94561063E-02
  0.392609686       6.05177842E-02
  0.394919157       6.15920424E-02
  0.397228628       6.26789406E-02
  0.399538100       6.37785420E-02
  0.401847571       6.48909360E-02
  0.404157043       6.60161898E-02
  0.406466514       6.71543777E-02
  0.408775985       6.83055669E-02
  0.411085457       6.94698468E-02
  0.413394928       7.06472769E-02
  0.415704399       7.18379393E-02
  0.418013871       7.30419010E-02
  0.420323312       7.42592290E-02
  0.422632784       7.54900202E-02
  0.424942255       7.67343417E-02
  0.427251726       7.79922530E-02
  0.429561198       7.92638436E-02
  0.431870669       8.05491805E-02
  0.434180140       8.18483382E-02
  0.436489612       8.31613913E-02
  0.438799083       8.44884068E-02
  0.441108555       8.58294740E-02
  0.443418026       8.71846527E-02
  0.445727497       8.85540247E-02
  0.448036939       8.99376348E-02
  0.450346410       9.13356096E-02
  0.452655882       9.27479863E-02
  0.454965353       9.41748619E-02
  0.457274824       9.56162885E-02
  0.459584296       9.70723480E-02
  0.461893767       9.85431224E-02
  0.464203238      0.100028671    
  0.466512710      0.101529077    
  0.468822181      0.103044413    
  0.471131653      0.104574755    
  0.473441094      0.106120147    
  0.475750566      0.107680716    
  0.478060037      0.109256506    
  0.480369508      0.110847600    
  0.482678980      0.112454064    
  0.484988451      0.114075974    
  0.487297922      0.115713403    
  0.489607394      0.117366433    
  0.491916865      0.119035125    
  0.494226336      0.120719559    
  0.496535808      0.122419812    
  0.498845279      0.124135956    
  0.501154721      0.125868037    
  0.503464222      0.127616212    
  0.505773664      0.129380450    
  0.508083165      0.131160915    
  0.510392606      0.132957593    
  0.512702107      0.134770647    
  0.515011549      0.136600062    
  0.517320991      0.138445958    
  0.519630492      0.140308470    
  0.521939933      0.142187551    
  0.524249434      0.144083381    
  0.526558876      0.145995945    
  0.528868377      0.147925422    
  0.531177819      0.149871752    
  0.533487320      0.151835144    
  0.535796762      0.153815553    
  0.538106263      0.155813158    
  0.540415704      0.157827944    
  0.542725146      0.159860015    
  0.545034647      0.161909491    
  0.547344089      0.163976371    
  0.549653590      0.166060835    
  0.551963031      0.168162823    
  0.554272532      0.170282528    
  0.556581974      0.172419906    
  0.558891475      0.174575165    
  0.561200917      0.176748246    
  0.563510418      0.178939342    
  0.565819860      0.181148410    
  0.568129301      0.183375597    
  0.570438802      0.185621023    
  0.572748244      0.187884644    
  0.575057745      0.190166652    
  0.577367187      0.192467004    
  0.579676688      0.194785893    
  0.581986129      0.197123274    
  0.584295630      0.199479342    
  0.586605072      0.201854050    
  0.588914573      0.204247564    
  0.591224015      0.206659898    
  0.593533516      0.209091187    
  0.595842957      0.211541429    
  0.598152399      0.214010730    
  0.600461900      0.216499239    
  0.602771342      0.219006896    
  0.605080843      0.221533895    
  0.607390285      0.224080220    
  0.609699786      0.226646036    
  0.612009227      0.229231298    
  0.614318728      0.231836215    
  0.616628170      0.234460711    
  0.618937671      0.237105027    
  0.621247113      0.239769071    
  0.623556554      0.242452994    
  0.625866055      0.245156944    
  0.628175497      0.247880846    
  0.630484998      0.250624925    
  0.632794440      0.253389120    
  0.635103941      0.256173640    
  0.637413383      0.258978397    
  0.639722884      0.261803627    
  0.642032325      0.264649272    
  0.644341826      0.267515510    
  0.646651268      0.270402312    
  0.648960710      0.273309797    
  0.651270211      0.276238143    
  0.653579652      0.279187232    
  0.655889153      0.282157332    
  0.658198595      0.285148352    
  0.660508096      0.288160503    
  0.662817538      0.291193694    
  0.665127039      0.294248194    
  0.667436481      0.297323912    
  0.669745982      0.300421029    
  0.672055423      0.303539544    
  0.674364924      0.306679636    
  0.676674366      0.309841216    
  0.678983808      0.313024431    
  0.681293309      0.316229492    
  0.683602750      0.319456249    
  0.685912251      0.322705001    
  0.688221693      0.325975597    
  0.690531194      0.329268277    
  0.692840636      0.332583010    
  0.695150137      0.335919976    
  0.697459579      0.339279115    
  0.699769080      0.342660666    
  0.702078521      0.346064508    
  0.704387963      0.349490821    
  0.706697464      0.352939785    
  0.709006906      0.356411248    
  0.711316407      0.359905481    
  0.713625848      0.363422424    
  0.715935349      0.366962284    
  0.718244791      0.370524943    
  0.720554292      0.374110699    
  0.722863734      0.377719402    
  0.725173235      0.381351352    
  0.727482677      0.385006428    
  0.729792118      0.388684750    
  0.732101619      0.392386556    
  0.734411061      0.396111667    
  0.736720562      0.399860382    
  0.739030004      0.403632581    
  0.741339505      0.407428533    
  0.743648946      0.411248088    
  0.745958447      0.415091574    
  0.748267889      0.418958813    
  0.750577390      0.422850102    
  0.752886832      0.426765293    
  0.755196333      0.430704713    
  0.757505774      0.434668183    
  0.759815216      0.438655883    
  0.762124717      0.442668021    
  0.764434159      0.446704417    
  0.766743660      0.450765401    
  0.769053102      0.454850823    
  0.771362603      0.458960950    
  0.773672044      0.463095665    
  0.775981545      0.467255235    
  0.778290987      0.471439540    
  0.780600488      0.475648850    
  0.782909930      0.479883045    
  0.785219371      0.484142274    
  0.787528872      0.488426775    
  0.789838314      0.492736340    
  0.792147815      0.497071296    
  0.794457257      0.501431525    
  0.796766758      0.505817235    
  0.799076200      0.510228336    
  0.801385701      0.514665186    
  0.803695142      0.519127488    
  0.806004643      0.523615658    
  0.808314085      0.528129518    
  0.810623586      0.532669365    
  0.812933028      0.537235022    
  0.815242469      0.541826665    
  0.817551970      0.546444535    
  0.819861412      0.551088512    
  0.822170913      0.555758774    
  0.824480355      0.560455263    
  0.826789856      0.565178216    
  0.829099298      0.569927514    
  0.831408799      0.574703515    
  0.833718240      0.579505980    
  0.836027741      0.584335208    
  0.838337183      0.589191139    
  0.840646625      0.594073832    
  0.842956126      0.598983586    
  0.845265567      0.603920162    
  0.847575068      0.608883977    
  0.849884510      0.613874733    
  0.852194011      0.618892789    
  0.854503453      0.623938024    
  0.856812954      0.629010737    
  0.859122396      0.634110749    
  0.861431897      0.639238358    
  0.863741338      0.644393444    
  0.866050780      0.649576187    
  0.868360281      0.654786706    
  0.870669723      0.660024881    
  0.872979224      0.665291131    
  0.875288665      0.670585155    
  0.877598166      0.675907254    
  0.879907608      0.681257367    
  0.882217109      0.686635792    
  0.884526551      0.692042291    
  0.886836052      0.697477221    
  0.889145494      0.702940404    
  0.891454995      0.708432198    
  0.893764436      0.713952303    
  0.896073878      0.719501078    
  0.898383379      0.725078642    
  0.900692821      0.730684876    
  0.903002322      0.736320019    
  0.905311763      0.741983891    
  0.907621264      0.747676969    
  0.909930706      0.753398895    
  0.912240207      0.759150028    
  0.914549649      0.764930308    
  0.916859150      0.770739913    
  0.919168591      0.776578784    
  0.921478033      0.782447040    
  0.923787534      0.788344979    
  0.926096976      0.794272244    
  0.928406477      0.800229371    
  0.930715919      0.806216002    
  0.933025420      0.812232614    
  0.935334861      0.818278909    
  0.937644362      0.824355304    
  0.939953804      0.830461562    
  0.942263305      0.836598039    
  0.944572747      0.842764497    
  0.946882188      0.848961174    
  0.949191689      0.855188370    
  0.951501131      0.861445725    
  0.953810632      0.867733717    
  0.956120074      0.874052048    
  0.958429575      0.880401194    
  0.960739017      0.886780798    
  0.963048518      0.893191338    
  0.965357959      0.899632514    
  0.967667460      0.906104743    
  0.969976902      0.912607789    
  0.972286403      0.919142067    
  0.974595845      0.925707221    
  0.976905286      0.932303667    
  0.979214787      0.938931465    
  0.981524229      0.945590436    
  0.983833730      0.952280998    
  0.986143172      0.959002912    
  0.988452673      0.965756476    
  0.990762115      0.972541571    
  0.993071616      0.979358494    
  0.995381057      0.986207068    
  0.997690558      0.993087649    
   1.00000000       1.00000000    
